,YEAR,MONTH,DAY,HOUR,AIR-TEMP,DEW-POINT-TEMP,SEA-LEVEL-PRESSURE,WIND-DIRECTION,WIND-SPEED,SKY-CONDITION,RAIN-1HR,RAIN-6HR
0,2017,1,1,10,280,20,-9999,50,51,-9999,-9999,-9999
1,2017,1,1,14,310,10,-9999,360,51,-9999,-9999,-9999
2,2017,1,2,7,200,-40,-9999,20,72,-9999,-9999,-9999
3,2017,1,2,8,220,-30,-9999,20,72,-9999,-9999,-9999
4,2017,1,2,10,260,-30,-9999,30,62,-9999,-9999,-9999
5,2017,1,2,13,290,-10,-9999,40,62,-9999,-9999,-9999
6,2017,1,2,14,290,10,-9999,30,57,-9999,-9999,-9999
7,2017,1,2,16,280,20,-9999,40,46,-9999,-9999,-9999
8,2017,1,2,17,260,-10,-9999,30,31,-9999,-9999,-9999
9,2017,1,2,19,230,-20,-9999,50,36,-9999,-9999,-9999
10,2017,1,2,20,220,-40,-9999,50,51,-9999,-9999,-9999
11,2017,1,3,1,180,-40,-9999,50,41,-9999,-9999,-9999
12,2017,1,3,4,160,-40,-9999,50,40,-9999,-9999,-9999
13,2017,1,3,5,150,-30,-9999,50,21,-9999,-9999,-9999
14,2017,1,3,13,300,-30,-9999,50,51,-9999,-9999,-9999
15,2017,1,3,14,300,-30,-9999,40,51,-9999,-9999,-9999
16,2017,1,3,16,280,-10,-9999,40,36,-9999,-9999,-9999
17,2017,1,3,17,250,-10,-9999,30,15,-9999,-9999,-9999
18,2017,1,3,20,220,-20,-9999,40,36,-9999,-9999,-9999
19,2017,1,4,4,160,-100,-9999,30,51,-9999,-9999,-9999
20,2017,1,4,5,160,-100,-9999,30,41,-9999,-9999,-9999
21,2017,1,4,7,190,-80,-9999,40,62,-9999,-9999,-9999
22,2017,1,4,8,200,-90,-9999,40,57,-9999,-9999,-9999
23,2017,1,4,14,280,40,-9999,60,72,-9999,-9999,-9999
24,2017,1,4,16,260,-50,-9999,40,31,-9999,-9999,-9999
25,2017,1,4,17,250,-9999,-9999,40,31,-9999,-9999,-9999
26,2017,1,4,19,220,-40,-9999,40,46,-9999,-9999,-9999
27,2017,1,4,20,220,-60,-9999,20,51,-9999,-9999,-9999
28,2017,1,5,7,-9999,-9999,-9999,30,62,-9999,-9999,-9999
29,2017,1,5,14,290,-20,-9999,40,46,-9999,-9999,-9999
30,2017,1,5,16,270,0,-9999,60,36,-9999,-9999,-9999
31,2017,1,5,17,240,0,-9999,40,21,-9999,-9999,-9999
32,2017,1,5,20,200,0,-9999,20,15,-9999,-9999,-9999
33,2017,1,6,4,170,-70,-9999,20,31,-9999,-9999,-9999
34,2017,1,6,5,230,-50,-9999,20,46,-9999,-9999,-9999
35,2017,1,6,7,230,-40,-9999,30,51,-9999,-9999,-9999
36,2017,1,6,8,250,-20,-9999,30,51,-9999,-9999,-9999
37,2017,1,6,10,290,-20,-9999,40,31,-9999,-9999,-9999
38,2017,1,6,11,300,0,-9999,40,41,-9999,-9999,-9999
39,2017,1,6,14,320,0,-9999,60,36,-9999,-9999,-9999
40,2017,1,6,22,210,-20,-9999,360,21,-9999,-9999,-9999
41,2017,1,6,23,210,-40,-9999,360,26,-9999,-9999,-9999
42,2017,1,7,7,240,-50,-9999,20,62,-9999,-9999,-9999
43,2017,1,7,8,260,-30,-9999,20,67,-9999,-9999,-9999
44,2017,1,7,10,290,-10,-9999,30,41,-9999,-9999,-9999
45,2017,1,7,11,310,-60,-9999,40,26,-9999,-9999,-9999
46,2017,1,7,13,330,0,-9999,40,51,-9999,-9999,-9999
47,2017,1,7,14,330,0,-9999,40,62,-9999,-9999,-9999
48,2017,1,7,16,310,10,-9999,40,31,-9999,-9999,-9999
49,2017,1,7,19,240,20,-9999,10,10,-9999,-9999,-9999
50,2017,1,7,20,240,20,-9999,360,15,-9999,-9999,-9999
51,2017,1,8,2,200,-30,-9999,360,31,-9999,-9999,-9999
52,2017,1,8,4,190,-40,-9999,20,36,-9999,-9999,-9999
53,2017,1,8,5,190,-50,-9999,20,51,-9999,-9999,-9999
54,2017,1,8,7,230,-40,-9999,20,72,-9999,-9999,-9999
55,2017,1,8,8,240,-50,-9999,20,62,-9999,-9999,-9999
56,2017,1,8,10,280,-50,-9999,50,51,-9999,-9999,-9999
57,2017,1,8,13,310,-10,-9999,70,31,-9999,-9999,-9999
58,2017,1,8,14,310,0,-9999,50,41,-9999,-9999,-9999
59,2017,1,8,17,180,-20,-9999,40,21,-9999,-9999,-9999
60,2017,1,8,19,230,-10,-9999,20,26,-9999,-9999,-9999
61,2017,1,8,20,230,-10,-9999,20,51,-9999,-9999,-9999
62,2017,1,8,22,220,-70,-9999,20,31,-9999,-9999,-9999
63,2017,1,9,2,160,-40,-9999,320,51,-9999,-9999,-9999
64,2017,1,9,5,160,-70,-9999,20,51,-9999,-9999,-9999
65,2017,1,9,7,180,-80,-9999,30,57,-9999,-9999,-9999
66,2017,1,9,8,190,-80,-9999,40,62,-9999,-9999,-9999
67,2017,1,9,10,210,-60,-9999,40,57,-9999,-9999,-9999
68,2017,1,9,11,240,-80,-9999,50,57,-9999,-9999,-9999
69,2017,1,9,13,260,-60,-9999,40,72,-9999,-9999,-9999
70,2017,1,9,14,260,-70,-9999,40,62,-9999,-9999,-9999
71,2017,1,9,16,240,-50,-9999,40,36,-9999,-9999,-9999
72,2017,1,9,19,200,-40,-9999,40,15,-9999,-9999,-9999
73,2017,1,9,20,190,-60,-9999,30,26,-9999,-9999,-9999
74,2017,1,10,4,130,-70,-9999,30,51,-9999,-9999,-9999
75,2017,1,10,5,130,-60,-9999,30,21,-9999,-9999,-9999
76,2017,1,10,11,260,-30,-9999,40,31,-9999,-9999,-9999
77,2017,1,10,13,300,-40,-9999,50,21,-9999,-9999,-9999
78,2017,1,10,14,300,-10,-9999,100,21,-9999,-9999,-9999
79,2017,1,10,16,290,10,-9999,100,15,-9999,-9999,-9999
80,2017,1,10,17,260,20,-9999,0,0,-9999,-9999,-9999
81,2017,1,10,18,220,40,-9999,0,-9999,7,-9999,-9999
82,2017,1,10,20,210,-20,-9999,50,15,-9999,-9999,-9999
83,2017,1,11,1,190,-20,-9999,360,31,-9999,-9999,-9999
84,2017,1,11,4,170,-20,-9999,20,31,-9999,-9999,-9999
85,2017,1,11,5,170,-60,-9999,20,36,-9999,-9999,-9999
86,2017,1,11,7,210,-60,-9999,10,51,-9999,-9999,-9999
87,2017,1,11,8,230,-60,-9999,30,51,-9999,-9999,-9999
88,2017,1,11,14,310,70,-9999,70,51,-9999,-9999,-9999
89,2017,1,12,7,230,-20,-9999,20,57,-9999,-9999,-9999
90,2017,1,12,8,260,0,-9999,30,57,-9999,-9999,-9999
91,2017,1,12,10,300,30,-9999,40,62,-9999,-9999,-9999
92,2017,1,12,11,310,40,-9999,40,51,-9999,-9999,-9999
93,2017,1,12,13,330,60,-9999,30,41,-9999,-9999,-9999
94,2017,1,12,14,330,30,-9999,50,62,-9999,-9999,-9999
95,2017,1,12,16,310,80,-9999,40,41,-9999,-9999,-9999
96,2017,1,12,17,280,90,-9999,30,15,-9999,-9999,-9999
97,2017,1,12,19,260,80,-9999,20,10,-9999,-9999,-9999
98,2017,1,12,20,230,100,-9999,20,15,-9999,-9999,-9999
99,2017,1,12,22,220,90,-9999,10,21,-9999,-9999,-9999
100,2017,1,13,4,230,70,-9999,360,46,-9999,-9999,-9999
101,2017,1,13,5,220,20,-9999,10,21,-9999,-9999,-9999
102,2017,1,13,7,250,-9999,-9999,30,72,-9999,-9999,-9999
103,2017,1,13,8,270,70,-9999,30,62,-9999,-9999,-9999
104,2017,1,13,10,310,50,-9999,40,51,-9999,-9999,-9999
105,2017,1,13,13,300,50,-9999,20,26,-9999,-9999,-9999
106,2017,1,13,19,260,80,-9999,20,15,-9999,-9999,-9999
107,2017,1,13,20,250,70,-9999,360,21,-9999,-9999,-9999
108,2017,1,13,22,240,20,-9999,340,21,-9999,-9999,-9999
109,2017,1,14,4,210,-20,-9999,340,21,-9999,-9999,-9999
110,2017,1,14,10,330,20,-9999,40,21,-9999,-9999,-9999
111,2017,1,14,11,340,10,-9999,80,10,-9999,-9999,-9999
112,2017,1,14,13,350,-10,-9999,80,15,-9999,-9999,-9999
113,2017,1,14,14,350,-10,-9999,50,21,-9999,-9999,-9999
114,2017,1,14,16,330,60,-9999,0,0,-9999,-9999,-9999
115,2017,1,14,17,290,40,-9999,0,0,-9999,-9999,-9999
116,2017,1,14,19,250,30,-9999,50,10,-9999,-9999,-9999
117,2017,1,14,20,230,40,-9999,50,15,-9999,-9999,-9999
118,2017,1,15,4,220,-40,-9999,360,10,-9999,-9999,-9999
119,2017,1,15,5,220,-20,-9999,360,21,-9999,-9999,-9999
120,2017,1,15,16,330,-20,-9999,50,21,-9999,-9999,-9999
121,2017,1,15,17,300,0,-9999,30,15,-9999,-9999,-9999
122,2017,1,15,19,260,-10,-9999,40,21,-9999,-9999,-9999
123,2017,1,15,20,250,-40,-9999,40,21,-9999,-9999,-9999
124,2017,1,15,22,240,-30,-9999,360,31,-9999,-9999,-9999
125,2017,1,16,1,220,-40,-9999,360,15,-9999,-9999,-9999
126,2017,1,16,2,220,-50,-9999,360,31,-9999,-9999,-9999
127,2017,1,16,4,210,-70,-9999,20,36,-9999,-9999,-9999
128,2017,1,16,5,200,-50,-9999,360,31,-9999,-9999,-9999
129,2017,1,16,7,240,-80,-9999,20,51,-9999,-9999,-9999
130,2017,1,16,8,260,-80,-9999,20,51,-9999,-9999,-9999
131,2017,1,16,10,300,-30,-9999,30,51,-9999,-9999,-9999
132,2017,1,16,17,300,-10,-9999,40,21,-9999,-9999,-9999
133,2017,1,16,19,250,10,-9999,20,15,-9999,-9999,-9999
134,2017,1,17,7,270,-40,-9999,10,51,-9999,-9999,-9999
135,2017,1,17,10,310,-30,-9999,50,51,-9999,-9999,-9999
136,2017,1,17,11,320,-10,-9999,50,41,-9999,-9999,-9999
137,2017,1,17,13,340,0,-9999,50,62,-9999,-9999,-9999
138,2017,1,17,14,350,-10,-9999,60,36,-9999,-9999,-9999
139,2017,1,17,16,330,0,-9999,30,15,-9999,-9999,-9999
140,2017,1,17,17,300,30,-9999,30,15,-9999,-9999,-9999
141,2017,1,17,19,260,20,-9999,30,10,-9999,-9999,-9999
142,2017,1,18,7,280,-20,-9999,40,51,-9999,-9999,-9999
143,2017,1,18,8,290,20,-9999,30,62,-9999,-9999,-9999
144,2017,1,18,10,330,-9999,-9999,40,62,-9999,-9999,-9999
145,2017,1,18,11,340,-20,-9999,30,57,-9999,-9999,-9999
146,2017,1,18,13,360,-80,-9999,40,36,-9999,-9999,-9999
147,2017,1,18,14,350,-10,-9999,40,21,-9999,-9999,-9999
148,2017,1,18,17,300,-10,-9999,50,15,-9999,-9999,-9999
149,2017,1,18,20,250,-10,-9999,-9999,21,-9999,-9999,-9999
150,2017,1,18,22,230,-60,-9999,360,26,-9999,-9999,-9999
151,2017,1,18,23,230,-50,-9999,0,0,-9999,-9999,-9999
152,2017,1,19,1,230,-30,-9999,30,36,-9999,-9999,-9999
153,2017,1,19,2,220,10,-9999,360,41,-9999,-9999,-9999
154,2017,1,19,4,210,-20,-9999,-9999,-9999,-9999,-9999,-9999
155,2017,1,19,5,210,-20,-9999,360,31,-9999,-9999,-9999
156,2017,1,19,10,320,20,-9999,40,62,-9999,-9999,-9999
157,2017,1,19,11,330,10,-9999,50,62,-9999,-9999,-9999
158,2017,1,19,13,350,20,-9999,10,41,-9999,-9999,-9999
159,2017,1,19,14,350,10,-9999,50,31,-9999,-9999,-9999
160,2017,1,19,17,300,10,-9999,10,10,-9999,-9999,-9999
161,2017,1,19,19,260,0,-9999,360,21,-9999,-9999,-9999
162,2017,1,19,20,250,-20,-9999,360,21,-9999,-9999,-9999
163,2017,1,19,22,230,-30,-9999,60,15,-9999,-9999,-9999
164,2017,1,20,4,210,-20,-9999,20,31,-9999,-9999,-9999
165,2017,1,20,13,340,10,-9999,40,51,-9999,-9999,-9999
166,2017,1,20,14,340,0,-9999,20,46,-9999,-9999,-9999
167,2017,1,20,16,320,20,-9999,40,31,-9999,-9999,-9999
168,2017,1,20,17,300,30,-9999,20,15,-9999,-9999,-9999
169,2017,1,20,19,260,30,-9999,20,21,-9999,-9999,-9999
170,2017,1,20,20,250,20,-9999,360,21,-9999,-9999,-9999
171,2017,1,21,5,220,-10,-9999,20,41,-9999,-9999,-9999
172,2017,1,21,7,260,-30,-9999,30,62,-9999,-9999,-9999
173,2017,1,21,8,270,-10,-9999,20,72,-9999,-9999,-9999
174,2017,1,21,10,290,30,-9999,40,82,-9999,-9999,-9999
175,2017,1,21,14,330,20,-9999,50,72,-9999,-9999,-9999
176,2017,1,22,8,280,-20,-9999,40,77,-9999,-9999,-9999
177,2017,1,22,10,310,0,-9999,30,77,-9999,-9999,-9999
178,2017,1,22,11,320,-10,-9999,20,62,-9999,-9999,-9999
179,2017,1,22,13,330,20,-9999,40,46,-9999,-9999,-9999
180,2017,1,22,17,300,30,-9999,40,15,-9999,-9999,-9999
181,2017,1,22,20,250,10,-9999,360,21,-9999,-9999,-9999
182,2017,1,22,23,240,20,-9999,360,31,-9999,-9999,-9999
183,2017,1,23,7,160,-40,-9999,30,72,-9999,-9999,-9999
184,2017,1,23,8,270,-50,-9999,40,82,-9999,-9999,-9999
185,2017,1,23,10,300,-30,-9999,30,67,-9999,-9999,-9999
186,2017,1,23,13,340,-10,-9999,40,41,-9999,-9999,-9999
187,2017,1,23,14,340,0,-9999,40,51,-9999,-9999,-9999
188,2017,1,23,16,330,10,-9999,40,21,-9999,-9999,-9999
189,2017,1,23,17,310,20,-9999,20,10,-9999,-9999,-9999
190,2017,1,23,19,270,10,-9999,30,10,-9999,-9999,-9999
191,2017,1,23,20,250,-10,-9999,360,15,-9999,-9999,-9999
192,2017,1,23,22,240,-10,-9999,360,15,-9999,-9999,-9999
193,2017,1,24,1,230,-30,-9999,360,31,-9999,-9999,-9999
194,2017,1,24,2,230,-50,-9999,360,31,-9999,-9999,-9999
195,2017,1,24,4,230,-50,-9999,360,51,-9999,-9999,-9999
196,2017,1,24,5,230,-50,-9999,360,41,-9999,-9999,-9999
197,2017,1,24,7,270,-20,-9999,20,67,-9999,-9999,-9999
198,2017,1,24,8,290,0,-9999,20,57,-9999,-9999,-9999
199,2017,1,24,11,330,10,-9999,20,51,-9999,-9999,-9999
200,2017,1,24,13,350,20,-9999,20,67,-9999,-9999,-9999
201,2017,1,24,14,350,30,-9999,60,41,-9999,-9999,-9999
202,2017,1,24,16,340,0,-9999,40,31,-9999,-9999,-9999
203,2017,1,24,17,310,-10,-9999,50,21,-9999,-9999,-9999
204,2017,1,24,19,270,30,-9999,40,15,-9999,-9999,-9999
205,2017,1,24,20,250,30,-9999,40,15,-9999,-9999,-9999
206,2017,1,25,5,230,0,-9999,20,36,-9999,-9999,-9999
207,2017,1,25,11,340,20,-9999,50,41,-9999,-9999,-9999
208,2017,1,25,13,350,50,-9999,60,46,-9999,-9999,-9999
209,2017,1,25,14,360,20,-9999,40,31,-9999,-9999,-9999
210,2017,1,25,16,340,30,-9999,50,15,-9999,-9999,-9999
211,2017,1,25,17,310,60,-9999,50,21,-9999,-9999,-9999
212,2017,1,25,19,270,30,-9999,50,15,-9999,-9999,-9999
213,2017,1,25,20,270,30,-9999,50,15,-9999,-9999,-9999
214,2017,1,26,5,220,0,-9999,350,31,-9999,-9999,-9999
215,2017,1,26,7,280,-20,-9999,10,41,-9999,-9999,-9999
216,2017,1,26,8,340,-10,-9999,360,51,-9999,-9999,-9999
217,2017,1,26,22,240,-20,-9999,360,21,-9999,-9999,-9999
218,2017,1,26,23,240,-20,-9999,360,31,-9999,-9999,-9999
219,2017,1,27,10,280,-20,-9999,50,72,-9999,-9999,-9999
220,2017,1,27,11,290,-20,-9999,50,67,-9999,-9999,-9999
221,2017,1,27,13,320,-50,-9999,40,57,-9999,-9999,-9999
222,2017,1,27,14,320,-50,-9999,40,62,-9999,-9999,-9999
223,2017,1,27,16,300,-50,-9999,50,51,-9999,-9999,-9999
224,2017,1,27,17,280,-40,-9999,50,31,-9999,-9999,-9999
225,2017,1,27,19,250,-20,-9999,40,21,-9999,-9999,-9999
226,2017,1,27,20,240,-20,-9999,30,26,-9999,-9999,-9999
227,2017,1,28,1,200,-50,-9999,20,51,-9999,-9999,-9999
228,2017,1,28,2,190,-50,-9999,30,51,-9999,-9999,-9999
229,2017,1,28,4,180,-70,-9999,20,51,-9999,-9999,-9999
230,2017,1,28,5,170,-60,-9999,40,31,-9999,-9999,-9999
231,2017,1,28,7,190,-60,-9999,30,62,-9999,-9999,-9999
232,2017,1,28,8,210,-60,-9999,30,57,-9999,-9999,-9999
233,2017,1,28,10,260,-80,-9999,30,36,-9999,-9999,-9999
234,2017,1,28,11,280,-9999,-9999,30,51,-9999,-9999,-9999
235,2017,1,28,13,310,-70,-9999,50,46,-9999,-9999,-9999
236,2017,1,28,14,310,-60,-9999,40,51,-9999,-9999,-9999
237,2017,1,28,17,270,-50,-9999,50,31,-9999,-9999,-9999
238,2017,1,28,19,230,-20,-9999,40,26,-9999,-9999,-9999
239,2017,1,28,20,230,-50,-9999,40,36,-9999,-9999,-9999
240,2017,1,29,4,170,-60,-9999,20,46,-9999,-9999,-9999
241,2017,1,29,5,160,-60,-9999,10,26,-9999,-9999,-9999
242,2017,1,29,7,190,-80,-9999,40,51,-9999,-9999,-9999
243,2017,1,29,8,210,-60,-9999,30,51,-9999,-9999,-9999
244,2017,1,29,11,260,-60,-9999,20,51,-9999,-9999,-9999
245,2017,1,29,13,290,-40,-9999,50,36,-9999,-9999,-9999
246,2017,1,29,14,300,-30,-9999,50,41,-9999,-9999,-9999
247,2017,1,29,17,260,-30,-9999,50,21,-9999,-9999,-9999
248,2017,1,29,19,230,-60,-9999,50,15,-9999,-9999,-9999
249,2017,1,29,20,220,-50,-9999,50,21,-9999,-9999,-9999
250,2017,1,29,22,210,-60,-9999,50,21,-9999,-9999,-9999
251,2017,1,29,23,200,-40,-9999,50,31,-9999,-9999,-9999
252,2017,1,30,1,190,-50,-9999,202,31,-9999,-9999,-9999
253,2017,1,30,2,180,-9999,-9999,20,26,-9999,-9999,-9999
254,2017,1,30,4,160,-50,-9999,20,31,-9999,-9999,-9999
255,2017,1,30,5,160,-90,-9999,360,26,-9999,-9999,-9999
256,2017,1,30,7,200,-70,-9999,10,51,-9999,-9999,-9999
257,2017,1,30,8,230,-60,-9999,10,41,-9999,-9999,-9999
258,2017,1,30,10,280,-70,-9999,40,26,-9999,-9999,-9999
259,2017,1,30,14,330,-10,-9999,80,15,-9999,-9999,-9999
260,2017,1,30,16,320,-30,-9999,80,10,-9999,-9999,-9999
261,2017,1,30,17,280,20,-9999,80,10,-9999,-9999,-9999
262,2017,1,30,19,250,-30,-9999,70,10,-9999,-9999,-9999
263,2017,1,30,20,230,-40,-9999,70,10,-9999,-9999,-9999
264,2017,1,31,1,200,-70,-9999,360,15,-9999,-9999,-9999
265,2017,1,31,2,190,-60,-9999,20,21,-9999,-9999,-9999
266,2017,1,31,4,170,-70,-9999,20,10,-9999,-9999,-9999
267,2017,1,31,5,170,-60,-9999,360,21,-9999,-9999,-9999
268,2017,1,31,7,210,-90,-9999,20,51,-9999,-9999,-9999
269,2017,1,31,8,230,-90,-9999,40,51,-9999,-9999,-9999
270,2017,1,31,10,270,-100,-9999,10,51,-9999,-9999,-9999
271,2017,1,31,13,300,-9999,-9999,40,41,-9999,-9999,-9999
272,2017,1,31,14,310,-70,-9999,40,51,-9999,-9999,-9999
273,2017,1,31,16,300,-30,-9999,60,31,-9999,-9999,-9999
274,2017,1,31,17,270,-20,-9999,60,26,-9999,-9999,-9999
275,2017,1,31,22,230,-60,-9999,40,57,-9999,-9999,-9999
276,2017,1,31,23,220,-60,-9999,30,51,-9999,-9999,-9999
277,2017,2,1,7,180,-90,-9999,20,72,-9999,-9999,-9999
278,2017,2,1,10,240,-60,-9999,40,67,-9999,-9999,-9999
279,2017,2,1,13,270,-50,-9999,40,62,-9999,-9999,-9999
280,2017,2,1,14,260,-40,-9999,80,67,-9999,-9999,-9999
281,2017,2,1,19,220,-90,-9999,50,62,-9999,-9999,-9999
282,2017,2,2,5,140,-80,-9999,40,77,-9999,-9999,-9999
283,2017,2,2,10,220,-90,-9999,40,77,-9999,-9999,-9999
284,2017,2,2,11,240,-9999,-9999,40,72,-9999,-9999,-9999
285,2017,2,2,13,250,-120,-9999,40,62,-9999,-9999,-9999
286,2017,2,2,14,260,-140,-9999,40,62,-9999,-9999,-9999
287,2017,2,2,16,240,-130,-9999,40,62,-9999,-9999,-9999
288,2017,2,2,17,230,-100,-9999,40,36,-9999,-9999,-9999
289,2017,2,2,19,210,-100,-9999,30,51,-9999,-9999,-9999
290,2017,2,3,4,150,-100,-9999,40,62,-9999,-9999,-9999
291,2017,2,3,5,150,-100,-9999,30,62,-9999,-9999,-9999
292,2017,2,3,7,190,-90,-9999,30,88,-9999,-9999,-9999
293,2017,2,3,10,230,-90,-9999,40,82,-9999,-9999,-9999
294,2017,2,3,11,240,-80,-9999,60,72,-9999,-9999,-9999
295,2017,2,3,20,200,-40,-9999,20,31,-9999,-9999,-9999
296,2017,2,4,5,150,-70,-9999,20,51,-9999,-9999,-9999
297,2017,2,4,13,300,-10,-9999,60,15,-9999,-9999,-9999
298,2017,2,4,14,310,-10,-9999,10,15,-9999,-9999,-9999
299,2017,2,4,17,270,40,-9999,60,10,-9999,-9999,-9999
300,2017,2,4,20,220,0,-9999,10,15,-9999,-9999,-9999
301,2017,2,5,4,180,-40,-9999,360,15,-9999,-9999,-9999
302,2017,2,5,5,180,-40,-9999,10,31,-9999,-9999,-9999
303,2017,2,5,7,220,-90,-9999,40,51,-9999,-9999,-9999
304,2017,2,5,8,240,-60,-9999,30,82,-9999,-9999,-9999
305,2017,2,5,10,280,-60,-9999,30,46,-9999,-9999,-9999
306,2017,2,5,13,320,50,-9999,40,41,-9999,-9999,-9999
307,2017,2,5,16,300,-10,-9999,50,36,-9999,-9999,-9999
308,2017,2,5,19,250,10,-9999,50,40,-9999,-9999,-9999
309,2017,2,6,7,210,-120,-9999,40,72,-9999,-9999,-9999
310,2017,2,6,8,230,-130,-9999,40,67,-9999,-9999,-9999
311,2017,2,6,10,270,-9999,-9999,20,57,-9999,-9999,-9999
312,2017,2,6,11,280,-150,-9999,40,51,-9999,-9999,-9999
313,2017,2,6,13,310,-190,-9999,50,51,-9999,-9999,-9999
314,2017,2,6,14,310,-200,-9999,50,41,-9999,-9999,-9999
315,2017,2,6,16,300,-180,-9999,50,31,-9999,-9999,-9999
316,2017,2,6,17,280,-150,-9999,50,31,-9999,-9999,-9999
317,2017,2,6,19,240,-160,-9999,40,21,-9999,-9999,-9999
318,2017,2,6,20,230,-190,-9999,30,21,-9999,-9999,-9999
319,2017,2,7,2,200,-150,-9999,20,41,-9999,-9999,-9999
320,2017,2,7,4,190,-170,-9999,360,100,-9999,-9999,-9999
321,2017,2,7,5,190,-150,-9999,20,31,-9999,-9999,-9999
322,2017,2,7,7,230,-170,-9999,10,51,-9999,-9999,-9999
323,2017,2,7,8,250,-120,-9999,30,51,-9999,-9999,-9999
324,2017,2,7,10,290,-70,-9999,50,31,-9999,-9999,-9999
325,2017,2,8,10,310,-120,-9999,50,51,-9999,-9999,-9999
326,2017,2,8,14,350,-10,-9999,10,15,-9999,-9999,-9999
327,2017,2,8,16,340,-30,-9999,40,31,-9999,-9999,-9999
328,2017,2,8,17,300,-20,-9999,50,15,-9999,-9999,-9999
329,2017,2,8,20,260,-60,-9999,40,36,-9999,-9999,-9999
330,2017,2,9,4,220,-170,-9999,20,62,-9999,-9999,-9999
331,2017,2,9,5,210,-140,-9999,30,62,-9999,-9999,-9999
332,2017,2,9,13,330,-80,-9999,50,51,-9999,-9999,-9999
333,2017,2,9,14,340,-9999,-9999,60,46,-9999,-9999,-9999
334,2017,2,9,16,320,-70,-9999,50,31,-9999,-9999,-9999
335,2017,2,9,17,300,-10,-9999,50,26,-9999,-9999,-9999
336,2017,2,9,20,250,-50,-9999,20,26,-9999,-9999,-9999
337,2017,2,9,23,240,-70,-9999,20,31,-9999,-9999,-9999
338,2017,2,10,2,210,-60,-9999,20,41,-9999,-9999,-9999
339,2017,2,10,14,350,20,-9999,50,31,-9999,-9999,-9999
340,2017,2,10,16,330,80,-9999,20,46,-9999,-9999,-9999
341,2017,2,10,17,300,10,-9999,60,10,-9999,-9999,-9999
342,2017,2,11,1,230,100,-9999,10,31,-9999,-9999,-9999
343,2017,2,11,2,230,-60,-9999,10,15,-9999,-9999,-9999
344,2017,2,11,7,240,-160,-9999,20,5,-9999,-9999,-9999
345,2017,2,11,8,260,-150,-9999,40,72,-9999,-9999,-9999
346,2017,2,11,10,300,-140,-9999,30,67,-9999,-9999,-9999
347,2017,2,11,11,320,-110,-9999,30,51,-9999,-9999,-9999
348,2017,2,11,13,340,-80,-9999,50,51,-9999,-9999,-9999
349,2017,2,11,14,340,-60,-9999,50,41,-9999,-9999,-9999
350,2017,2,11,17,310,-10,-9999,70,21,-9999,-9999,-9999
351,2017,2,11,19,280,-20,-9999,40,31,-9999,-9999,-9999
352,2017,2,12,5,200,-90,-9999,20,51,-9999,-9999,-9999
353,2017,2,12,7,230,-120,-9999,50,57,-9999,-9999,-9999
354,2017,2,12,8,250,-100,-9999,20,57,-9999,-9999,-9999
355,2017,2,12,10,300,-100,-9999,20,57,-9999,-9999,-9999
356,2017,2,12,13,340,-40,-9999,-9999,-9999,-9999,-9999,-9999
357,2017,2,12,14,330,-30,-9999,50,41,-9999,-9999,-9999
358,2017,2,12,16,320,0,-9999,60,31,-9999,-9999,-9999
359,2017,2,12,17,300,-10,-9999,50,31,-9999,-9999,-9999
360,2017,2,12,19,260,-30,-9999,30,26,-9999,-9999,-9999
361,2017,2,12,20,260,-30,-9999,20,21,-9999,-9999,-9999
362,2017,2,13,4,180,-70,-9999,30,51,-9999,-9999,-9999
363,2017,2,13,5,180,-40,-9999,40,51,-9999,-9999,-9999
364,2017,2,13,7,200,-90,-9999,30,88,-9999,-9999,-9999
365,2017,2,13,8,220,-80,-9999,40,82,-9999,-9999,-9999
366,2017,2,13,11,270,-100,-9999,40,62,-9999,-9999,-9999
367,2017,2,13,14,250,-70,-9999,50,62,-9999,-9999,-9999
368,2017,2,13,16,270,-60,-9999,50,62,-9999,-9999,-9999
369,2017,2,13,20,220,-90,-9999,50,41,-9999,-9999,-9999
370,2017,2,13,22,200,-80,-9999,-9999,-9999,-9999,-9999,-9999
371,2017,2,13,23,200,-90,-9999,50,51,-9999,-9999,-9999
372,2017,2,14,11,260,-80,-9999,40,57,-9999,-9999,-9999
373,2017,2,14,13,280,-70,-9999,60,41,-9999,-9999,-9999
374,2017,2,14,14,290,-80,-9999,60,51,-9999,-9999,-9999
375,2017,2,14,16,280,-60,-9999,40,31,-9999,-9999,-9999
376,2017,2,14,17,260,-50,-9999,40,31,-9999,-9999,-9999
377,2017,2,14,19,230,-50,-9999,50,36,-9999,-9999,-9999
378,2017,2,15,4,160,20,-9999,230,51,-9999,-9999,-9999
379,2017,2,15,5,160,-40,-9999,30,62,-9999,-9999,-9999
380,2017,2,15,7,190,-40,-9999,30,72,-9999,-9999,-9999
381,2017,2,15,8,210,-50,-9999,40,67,-9999,-9999,-9999
382,2017,2,15,10,250,-50,-9999,10,62,-9999,-9999,-9999
383,2017,2,15,14,290,70,-9999,30,41,-9999,-9999,-9999
384,2017,2,15,20,230,-40,-9999,30,41,-9999,-9999,-9999
385,2017,2,16,7,190,-60,-9999,30,82,-9999,-9999,-9999
386,2017,2,16,13,270,-80,-9999,40,72,-9999,-9999,-9999
387,2017,2,16,14,270,-80,-9999,40,62,-9999,-9999,-9999
388,2017,2,16,16,260,-120,-9999,40,82,-9999,-9999,-9999
389,2017,2,16,17,240,-100,-9999,50,57,-9999,-9999,-9999
390,2017,2,16,19,220,-90,-9999,50,51,-9999,-9999,-9999
391,2017,2,16,20,210,-90,-9999,30,46,-9999,-9999,-9999
392,2017,2,16,22,200,-90,-9999,50,46,-9999,-9999,-9999
393,2017,2,17,4,150,70,-9999,40,57,-9999,-9999,-9999
394,2017,2,17,5,150,-60,-9999,40,57,-9999,-9999,-9999
395,2017,2,17,10,210,-60,-9999,40,72,-9999,-9999,-9999
396,2017,2,17,13,240,-70,-9999,50,57,-9999,-9999,-9999
397,2017,2,17,14,240,-80,-9999,40,51,-9999,-9999,-9999
398,2017,2,17,16,230,-90,-9999,30,51,-9999,-9999,-9999
399,2017,2,17,17,220,-90,-9999,50,41,-9999,-9999,-9999
400,2017,2,17,19,200,-90,-9999,30,31,-9999,-9999,-9999
401,2017,2,17,22,170,-80,-9999,30,41,-9999,-9999,-9999
402,2017,2,18,2,150,-90,-9999,50,41,-9999,-9999,-9999
403,2017,2,18,4,140,-60,-9999,20,46,-9999,-9999,-9999
404,2017,2,18,5,140,-10,-9999,40,51,-9999,-9999,-9999
405,2017,2,18,7,160,-140,-9999,40,67,-9999,-9999,-9999
406,2017,2,18,10,210,-60,-9999,30,57,-9999,-9999,-9999
407,2017,2,18,13,250,-70,-9999,30,36,-9999,-9999,-9999
408,2017,2,18,14,260,-70,-9999,40,41,-9999,-9999,-9999
409,2017,2,18,16,260,-70,-9999,40,41,-9999,-9999,-9999
410,2017,2,18,17,230,-30,-9999,50,31,-9999,-9999,-9999
411,2017,2,18,19,200,-50,-9999,50,15,-9999,-9999,-9999
412,2017,2,18,20,200,-60,-9999,30,15,-9999,-9999,-9999
413,2017,2,20,8,240,-100,-9999,40,62,-9999,-9999,-9999
414,2017,2,20,10,270,-110,-9999,40,57,-9999,-9999,-9999
415,2017,2,20,13,310,-90,-9999,50,72,-9999,-9999,-9999
416,2017,2,20,14,310,-90,-9999,40,57,-9999,-9999,-9999
417,2017,2,20,22,240,80,-9999,20,51,-9999,-9999,-9999
418,2017,2,21,4,180,-100,-9999,-9999,-9999,-9999,-9999,-9999
419,2017,2,21,5,180,-90,-9999,50,57,-9999,-9999,-9999
420,2017,2,21,7,210,-60,-9999,40,57,-9999,-9999,-9999
421,2017,2,21,10,260,-120,-9999,40,57,-9999,-9999,-9999
422,2017,2,21,11,280,-120,-9999,40,51,-9999,-9999,-9999
423,2017,2,21,13,300,-40,-9999,40,51,-9999,-9999,-9999
424,2017,2,21,14,300,-40,-9999,50,51,-9999,-9999,-9999
425,2017,2,21,16,290,-100,-9999,50,41,-9999,-9999,-9999
426,2017,2,21,17,270,-110,-9999,50,41,-9999,-9999,-9999
427,2017,2,21,19,240,-80,-9999,40,31,-9999,-9999,-9999
428,2017,2,21,20,230,-120,-9999,50,26,-9999,-9999,-9999
429,2017,2,21,23,200,-90,-9999,50,31,-9999,-9999,-9999
430,2017,2,22,2,180,-110,-9999,30,36,-9999,-9999,-9999
431,2017,2,22,4,180,-90,-9999,30,62,-9999,-9999,-9999
432,2017,2,22,5,180,-90,-9999,30,51,-9999,-9999,-9999
433,2017,2,22,7,210,-120,-9999,40,57,-9999,-9999,-9999
434,2017,2,22,8,230,-130,-9999,30,62,-9999,-9999,-9999
435,2017,2,22,10,260,-140,-9999,40,67,-9999,-9999,-9999
436,2017,2,22,11,280,-110,-9999,30,67,-9999,-9999,-9999
437,2017,2,22,13,300,-140,-9999,50,51,-9999,-9999,-9999
438,2017,2,22,14,300,-140,-9999,50,41,-9999,-9999,-9999
439,2017,2,22,16,280,-160,-9999,40,36,-9999,-9999,-9999
440,2017,2,22,17,270,-130,-9999,50,21,-9999,-9999,-9999
441,2017,2,22,19,240,-130,-9999,50,21,-9999,-9999,-9999
442,2017,2,22,20,230,-120,-9999,40,21,-9999,-9999,-9999
443,2017,2,22,22,210,-120,-9999,40,31,-9999,-9999,-9999
444,2017,2,23,1,200,-150,-9999,20,51,-9999,-9999,-9999
445,2017,2,23,4,180,-110,-9999,20,41,-9999,-9999,-9999
446,2017,2,23,5,190,-110,-9999,30,51,-9999,-9999,-9999
447,2017,2,23,7,210,-120,-9999,40,67,-9999,-9999,-9999
448,2017,2,23,13,300,-140,-9999,40,72,-9999,-9999,-9999
449,2017,2,23,14,300,-9999,-9999,30,62,-9999,-9999,-9999
450,2017,2,23,16,290,-150,-9999,50,41,-9999,-9999,-9999
451,2017,2,23,17,-9999,-9999,-9999,50,36,-9999,-9999,-9999
452,2017,2,23,19,240,-50,-9999,50,15,-9999,-9999,-9999
453,2017,2,24,13,290,-100,-9999,30,62,-9999,-9999,-9999
454,2017,2,24,14,290,-100,-9999,240,72,-9999,-9999,-9999
455,2017,2,24,16,280,-120,-9999,40,41,-9999,-9999,-9999
456,2017,2,24,17,260,-120,-9999,50,41,-9999,-9999,-9999
457,2017,2,24,19,230,-90,-9999,50,31,-9999,-9999,-9999
458,2017,2,24,20,220,-90,-9999,50,31,-9999,-9999,-9999
459,2017,2,24,22,210,-90,-9999,50,41,-9999,-9999,-9999
460,2017,2,24,23,200,-90,-9999,30,31,-9999,-9999,-9999
461,2017,2,25,4,160,-90,-9999,40,51,-9999,-9999,-9999
462,2017,2,25,5,160,-40,-9999,30,46,-9999,-9999,-9999
463,2017,2,25,7,190,-90,-9999,40,67,-9999,-9999,-9999
464,2017,2,25,8,200,-90,-9999,30,67,-9999,-9999,-9999
465,2017,2,25,10,250,-110,-9999,40,67,-9999,-9999,-9999
466,2017,2,26,2,160,-90,-9999,20,51,-9999,-9999,-9999
467,2017,2,26,7,210,-80,-9999,30,57,-9999,-9999,-9999
468,2017,2,26,8,230,-90,-9999,40,51,-9999,-9999,-9999
469,2017,2,26,10,260,-80,-9999,30,51,-9999,-9999,-9999
470,2017,2,26,11,280,-100,-9999,40,51,-9999,-9999,-9999
471,2017,2,26,13,300,-100,-9999,30,31,-9999,-9999,-9999
472,2017,2,26,14,310,-70,-9999,50,31,-9999,-9999,-9999
473,2017,2,26,16,300,-80,-9999,50,31,-9999,-9999,-9999
474,2017,2,26,17,260,-40,-9999,50,21,-9999,-9999,-9999
475,2017,2,26,19,220,-60,-9999,360,10,-9999,-9999,-9999
476,2017,2,26,20,200,-30,-9999,360,15,-9999,-9999,-9999
477,2017,2,27,4,150,-60,-9999,360,21,-9999,-9999,-9999
478,2017,2,27,5,160,-80,-9999,360,21,-9999,-9999,-9999
479,2017,2,27,14,320,-30,-9999,30,21,-9999,-9999,-9999
480,2017,2,27,16,320,-60,-9999,80,15,-9999,-9999,-9999
481,2017,2,27,17,290,-40,-9999,80,15,-9999,-9999,-9999
482,2017,2,27,20,230,-60,-9999,350,21,-9999,-9999,-9999
483,2017,2,27,22,210,-100,-9999,360,26,-9999,-9999,-9999
484,2017,2,28,5,180,-90,-9999,360,15,-9999,-9999,-9999
485,2017,2,28,7,250,-10,-9999,20,46,-9999,-9999,-9999
486,2017,2,28,8,280,-80,-9999,40,62,-9999,-9999,-9999
487,2017,2,28,10,310,-90,-9999,40,36,-9999,-9999,-9999
488,2017,2,28,13,340,-90,-9999,80,21,-9999,-9999,-9999
489,2017,2,28,14,350,-70,-9999,50,21,-9999,-9999,-9999
490,2017,2,28,17,300,60,-9999,50,15,-9999,-9999,-9999
491,2017,2,28,22,220,40,-9999,360,26,-9999,-9999,-9999
492,2017,2,28,23,220,-40,-9999,360,31,-9999,-9999,-9999
493,2017,3,1,1,210,-50,-9999,360,31,-9999,-9999,-9999
494,2017,3,1,13,360,-90,-9999,70,15,-9999,-9999,-9999
495,2017,3,1,14,360,-50,-9999,70,31,-9999,-9999,-9999
496,2017,3,1,16,350,-60,-9999,90,21,-9999,-9999,-9999
497,2017,3,1,17,320,20,-9999,0,0,-9999,-9999,-9999
498,2017,3,1,19,260,20,-9999,0,0,-9999,-9999,-9999
499,2017,3,1,20,260,-30,-9999,20,15,-9999,-9999,-9999
500,2017,3,2,1,240,-70,-9999,360,41,-9999,-9999,-9999
501,2017,3,2,4,230,-80,-9999,20,72,-9999,-9999,-9999
502,2017,3,2,5,220,-70,-9999,20,72,-9999,-9999,-9999
503,2017,3,2,7,250,-50,-9999,30,67,-9999,-9999,-9999
504,2017,3,2,10,300,-60,-9999,40,57,-9999,-9999,-9999
505,2017,3,2,13,340,-40,-9999,60,31,-9999,-9999,-9999
506,2017,3,2,14,350,-60,-9999,80,36,-9999,-9999,-9999
507,2017,3,2,17,310,-10,-9999,50,21,-9999,-9999,-9999
508,2017,3,3,7,240,-80,-9999,30,72,-9999,-9999,-9999
509,2017,3,3,11,310,-90,-9999,40,51,-9999,-9999,-9999
510,2017,3,3,13,330,-50,-9999,50,31,-9999,-9999,-9999
511,2017,3,3,14,340,-20,-9999,100,31,-9999,-9999,-9999
512,2017,3,3,16,330,-20,-9999,100,10,-9999,-9999,-9999
513,2017,3,3,17,310,50,-9999,100,15,-9999,-9999,-9999
514,2017,3,3,19,260,20,-9999,100,10,-9999,-9999,-9999
515,2017,3,3,20,250,-10,-9999,100,15,-9999,-9999,-9999
516,2017,3,3,22,230,-30,-9999,100,15,-9999,-9999,-9999
517,2017,3,4,4,200,-30,-9999,30,31,-9999,-9999,-9999
518,2017,3,4,5,200,-40,-9999,20,51,-9999,-9999,-9999
519,2017,3,4,7,240,-30,-9999,20,72,-9999,-9999,-9999
520,2017,3,4,8,260,-40,-9999,40,67,-9999,-9999,-9999
521,2017,3,4,10,310,-40,-9999,30,41,-9999,-9999,-9999
522,2017,3,4,11,320,-60,-9999,30,31,-9999,-9999,-9999
523,2017,3,4,13,320,-40,-9999,60,21,-9999,-9999,-9999
524,2017,3,4,14,250,-10,-9999,60,21,-9999,-9999,-9999
525,2017,3,4,16,340,-50,-9999,50,15,-9999,-9999,-9999
526,2017,3,4,17,300,30,-9999,50,15,-9999,-9999,-9999
527,2017,3,4,19,260,30,-9999,50,15,-9999,-9999,-9999
528,2017,3,4,20,250,-20,-9999,360,15,-9999,-9999,-9999
529,2017,3,4,22,240,-30,-9999,20,21,-9999,-9999,-9999
530,2017,3,4,23,230,-20,-9999,360,21,-9999,-9999,-9999
531,2017,3,5,4,200,-40,-9999,20,46,-9999,-9999,-9999
532,2017,3,5,5,190,-60,-9999,20,31,-9999,-9999,-9999
533,2017,3,5,7,240,-80,-9999,20,62,-9999,-9999,-9999
534,2017,3,5,8,260,-80,-9999,30,57,-9999,-9999,-9999
535,2017,3,5,10,300,-60,-9999,20,57,-9999,-9999,-9999
536,2017,3,5,13,340,-20,-9999,40,21,-9999,-9999,-9999
537,2017,3,5,14,350,-50,-9999,90,15,-9999,-9999,-9999
538,2017,3,5,16,340,-40,-9999,50,15,-9999,-9999,-9999
539,2017,3,5,17,320,0,-9999,60,10,-9999,-9999,-9999
540,2017,3,5,19,270,0,-9999,0,0,-9999,-9999,-9999
541,2017,3,5,20,260,-30,-9999,30,10,-9999,-9999,-9999
542,2017,3,6,1,230,-50,-9999,360,21,-9999,-9999,-9999
543,2017,3,6,2,220,-60,-9999,360,15,-9999,-9999,-9999
544,2017,3,6,11,340,-100,-9999,40,51,-9999,-9999,-9999
545,2017,3,6,13,360,-60,-9999,40,36,-9999,-9999,-9999
546,2017,3,6,14,360,-60,-9999,30,15,-9999,-9999,-9999
547,2017,3,6,16,340,-40,-9999,40,15,-9999,-9999,-9999
548,2017,3,6,17,310,-30,-9999,30,10,-9999,-9999,-9999
549,2017,3,6,20,280,-70,-9999,20,31,-9999,-9999,-9999
550,2017,3,6,22,280,-70,-9999,30,41,-9999,-9999,-9999
551,2017,3,6,23,270,-60,-9999,20,31,-9999,-9999,-9999
552,2017,3,7,1,240,-120,-9999,30,36,-9999,-9999,-9999
553,2017,3,7,2,240,-100,-9999,360,36,-9999,-9999,-9999
554,2017,3,7,4,220,-100,-9999,20,31,-9999,-9999,-9999
555,2017,3,7,5,220,-90,-9999,40,31,-9999,-9999,-9999
556,2017,3,7,7,250,-90,-9999,20,72,-9999,-9999,-9999
557,2017,3,7,8,280,-130,-9999,20,82,-9999,-9999,-9999
558,2017,3,7,10,310,-120,-9999,30,62,-9999,-9999,-9999
559,2017,3,7,13,350,-160,-9999,60,41,-9999,-9999,-9999
560,2017,3,7,22,260,-90,-9999,20,41,-9999,-9999,-9999
561,2017,3,8,7,260,-140,-9999,20,67,-9999,-9999,-9999
562,2017,3,8,8,280,-130,-9999,30,57,-9999,-9999,-9999
563,2017,3,8,13,350,-90,-9999,20,51,-9999,-9999,-9999
564,2017,3,8,14,350,-90,-9999,40,51,-9999,-9999,-9999
565,2017,3,8,17,310,-90,-9999,50,36,-9999,-9999,-9999
566,2017,3,8,19,270,-110,-9999,50,21,-9999,-9999,-9999
567,2017,3,8,20,260,-70,-9999,50,26,-9999,-9999,-9999
568,2017,3,8,22,260,-80,-9999,40,46,-9999,-9999,-9999
569,2017,3,9,2,210,-90,-9999,360,41,-9999,-9999,-9999
570,2017,3,9,4,210,-60,-9999,360,21,-9999,-9999,-9999
571,2017,3,9,5,230,-120,-9999,360,21,-9999,-9999,-9999
572,2017,3,9,8,300,-120,-9999,20,51,-9999,-9999,-9999
573,2017,3,9,10,330,-80,-9999,40,36,-9999,-9999,-9999
574,2017,3,9,11,350,-110,-9999,10,21,-9999,-9999,-9999
575,2017,3,9,13,370,-30,-9999,60,15,-9999,-9999,-9999
576,2017,3,9,14,370,0,-9999,280,10,-9999,-9999,-9999
577,2017,3,9,16,350,10,-9999,90,15,-9999,-9999,-9999
578,2017,3,9,19,290,10,-9999,80,15,-9999,-9999,-9999
579,2017,3,9,20,280,10,-9999,70,10,-9999,-9999,-9999
580,2017,3,9,22,270,-10,-9999,50,21,-9999,-9999,-9999
581,2017,3,9,23,260,-20,-9999,60,26,-9999,-9999,-9999
582,2017,3,10,1,240,-80,-9999,360,15,-9999,-9999,-9999
583,2017,3,10,2,240,-80,-9999,360,57,-9999,-9999,-9999
584,2017,3,10,5,230,-120,-9999,360,31,-9999,-9999,-9999
585,2017,3,10,8,310,-130,-9999,20,46,-9999,-9999,-9999
586,2017,3,10,10,340,-90,-9999,50,41,-9999,-9999,-9999
587,2017,3,10,11,360,-60,-9999,40,15,-9999,-9999,-9999
588,2017,3,10,13,380,-30,-9999,0,0,-9999,-9999,-9999
589,2017,3,10,16,350,10,-9999,0,0,-9999,-9999,-9999
590,2017,3,10,17,330,20,-9999,0,0,-9999,-9999,-9999
591,2017,3,10,19,300,30,-9999,60,15,-9999,-9999,-9999
592,2017,3,10,20,290,-20,-9999,10,15,-9999,-9999,-9999
593,2017,3,10,22,290,-40,-9999,10,51,-9999,-9999,-9999
594,2017,3,11,13,330,-10,-9999,40,62,-9999,-9999,-9999
595,2017,3,11,17,300,-60,-9999,50,36,-9999,-9999,-9999
596,2017,3,11,19,270,-70,-9999,50,21,-9999,-9999,-9999
597,2017,3,12,4,220,-40,-9999,360,10,-9999,-9999,-9999
598,2017,3,12,7,280,-20,-9999,360,36,-9999,-9999,-9999
599,2017,3,12,10,340,-120,-9999,30,41,-9999,-9999,-9999
600,2017,3,12,11,360,-30,-9999,60,31,-9999,-9999,-9999
601,2017,3,12,13,370,-30,-9999,60,36,-9999,-9999,-9999
602,2017,3,12,14,370,0,-9999,20,5,-9999,-9999,-9999
603,2017,3,12,17,330,20,-9999,40,15,-9999,-9999,-9999
604,2017,3,13,1,270,-110,-9999,360,51,-9999,-9999,-9999
605,2017,3,13,2,260,-100,-9999,360,41,-9999,-9999,-9999
606,2017,3,13,5,240,-140,-9999,30,31,-9999,-9999,-9999
607,2017,3,13,7,270,-110,-9999,20,57,-9999,-9999,-9999
608,2017,3,13,8,290,-100,-9999,30,62,-9999,-9999,-9999
609,2017,3,13,10,330,-80,-9999,50,51,-9999,-9999,-9999
610,2017,3,13,11,340,-80,-9999,40,57,-9999,-9999,-9999
611,2017,3,13,13,360,-50,-9999,40,41,-9999,-9999,-9999
612,2017,3,13,14,370,-70,-9999,50,51,-9999,-9999,-9999
613,2017,3,13,16,350,-30,-9999,70,31,-9999,-9999,-9999
614,2017,3,13,17,330,-10,-9999,60,15,-9999,-9999,-9999
615,2017,3,13,19,290,0,-9999,20,10,-9999,-9999,-9999
616,2017,3,13,22,270,-40,-9999,20,15,-9999,-9999,-9999
617,2017,3,14,1,250,-60,-9999,360,31,-9999,-9999,-9999
618,2017,3,14,4,250,-120,-9999,360,51,-9999,-9999,-9999
619,2017,3,14,7,280,-100,-9999,20,72,-9999,-9999,-9999
620,2017,3,14,8,300,-70,-9999,30,67,-9999,-9999,-9999
621,2017,3,14,10,340,-80,-9999,30,51,-9999,-9999,-9999
622,2017,3,14,13,370,0,-9999,50,31,-9999,-9999,-9999
623,2017,3,14,14,380,0,-9999,70,26,-9999,-9999,-9999
624,2017,3,14,17,340,50,-9999,40,21,-9999,-9999,-9999
625,2017,3,14,18,290,30,-9999,40,15,-9999,-9999,-9999
626,2017,3,14,19,290,30,-9999,40,15,-9999,-9999,-9999
627,2017,3,14,20,280,10,-9999,360,15,-9999,-9999,-9999
628,2017,3,14,22,290,10,-9999,40,26,-9999,-9999,-9999
629,2017,3,14,23,280,0,-9999,20,41,-9999,-9999,-9999
630,2017,3,15,4,240,-80,-9999,10,36,-9999,-9999,-9999
631,2017,3,15,13,360,-60,-9999,50,51,-9999,-9999,-9999
632,2017,3,16,7,240,-80,-9999,20,77,-9999,-9999,-9999
633,2017,3,16,8,270,-110,-9999,10,82,-9999,-9999,-9999
634,2017,3,16,13,340,-30,-9999,50,46,-9999,-9999,-9999
635,2017,3,16,14,340,-20,-9999,30,36,-9999,-9999,-9999
636,2017,3,16,16,330,-20,-9999,90,31,-9999,-9999,-9999
637,2017,3,16,17,310,20,-9999,10,15,-9999,-9999,-9999
638,2017,3,16,19,280,20,-9999,70,15,-9999,-9999,-9999
639,2017,3,16,20,260,20,-9999,20,10,-9999,-9999,-9999
640,2017,3,16,23,240,-20,-9999,30,26,-9999,-9999,-9999
641,2017,3,17,2,240,-60,-9999,40,36,-9999,-9999,-9999
642,2017,3,17,4,220,-40,-9999,10,21,-9999,-9999,-9999
643,2017,3,17,5,220,-70,-9999,20,21,-9999,-9999,-9999
644,2017,3,17,10,310,-30,-9999,60,21,-9999,-9999,-9999
645,2017,3,17,14,350,10,-9999,100,10,-9999,-9999,-9999
646,2017,3,17,16,340,20,-9999,0,0,-9999,-9999,-9999
647,2017,3,17,17,310,50,-9999,0,0,-9999,-9999,-9999
648,2017,3,17,19,280,80,-9999,0,0,-9999,-9999,-9999
649,2017,3,17,20,260,20,-9999,0,0,-9999,-9999,-9999
650,2017,3,18,1,250,-10,-9999,0,0,-9999,-9999,-9999
651,2017,3,18,2,240,10,-9999,0,0,-9999,-9999,-9999
652,2017,3,18,5,230,-10,-9999,320,10,-9999,-9999,-9999
653,2017,3,18,7,310,10,-9999,0,0,-9999,-9999,-9999
654,2017,3,18,8,350,-30,-9999,80,10,-9999,-9999,-9999
655,2017,3,18,10,380,-20,-9999,180,10,-9999,-9999,-9999
656,2017,3,18,13,400,20,-9999,300,21,-9999,-9999,-9999
657,2017,3,18,14,390,70,-9999,0,0,-9999,-9999,-9999
658,2017,3,18,16,380,70,-9999,70,21,-9999,-9999,-9999
659,2017,3,18,19,310,80,-9999,0,0,-9999,-9999,-9999
660,2017,3,19,4,240,-40,-9999,360,72,-9999,-9999,-9999
661,2017,3,19,5,240,-30,-9999,10,62,-9999,-9999,-9999
662,2017,3,19,8,270,-50,-9999,40,82,-9999,-9999,-9999
663,2017,3,19,10,310,-9999,-9999,30,62,-9999,-9999,-9999
664,2017,3,19,11,330,-40,-9999,50,57,-9999,-9999,-9999
665,2017,3,19,17,320,-60,-9999,50,41,-9999,-9999,-9999
666,2017,3,19,20,280,-20,-9999,50,31,-9999,-9999,-9999
667,2017,3,20,1,240,-10,-9999,50,62,-9999,-9999,-9999
668,2017,3,20,5,210,-60,-9999,50,67,-9999,-9999,-9999
669,2017,3,20,7,220,-40,-9999,30,82,-9999,-9999,-9999
670,2017,3,20,8,220,-40,-9999,40,93,-9999,-9999,-9999
671,2017,3,20,11,290,-20,-9999,30,51,-9999,-9999,-9999
672,2017,3,20,14,330,10,-9999,40,51,-9999,-9999,-9999
673,2017,3,20,16,310,0,-9999,50,26,-9999,-9999,-9999
674,2017,3,20,17,300,-10,-9999,60,15,-9999,-9999,-9999
675,2017,3,20,22,250,-20,-9999,50,31,-9999,-9999,-9999
676,2017,3,20,23,250,-30,-9999,60,31,-9999,-9999,-9999
677,2017,3,21,2,230,-70,-9999,50,36,-9999,-9999,-9999
678,2017,3,21,4,200,-70,-9999,360,36,-9999,-9999,-9999
679,2017,3,21,5,200,-90,-9999,10,31,-9999,-9999,-9999
680,2017,3,21,19,260,-20,-9999,0,0,-9999,-9999,-9999
681,2017,3,22,10,340,70,-9999,40,15,-9999,-9999,-9999
682,2017,3,22,13,350,-30,-9999,0,0,-9999,-9999,-9999
683,2017,3,22,14,390,-40,-9999,220,26,-9999,-9999,-9999
684,2017,3,22,16,370,-20,-9999,210,10,-9999,-9999,-9999
685,2017,3,22,20,280,60,-9999,0,0,-9999,-9999,-9999
686,2017,3,22,22,270,30,-9999,0,0,-9999,-9999,-9999
687,2017,3,23,5,240,-30,-9999,360,15,-9999,-9999,-9999
688,2017,3,23,7,240,-40,-9999,50,36,-9999,-9999,-9999
689,2017,3,23,8,340,40,-9999,60,26,-9999,-9999,-9999
690,2017,3,23,14,400,40,-9999,360,21,-9999,-9999,-9999
691,2017,3,23,17,350,30,-9999,0,0,-9999,-9999,-9999
692,2017,3,23,19,300,60,-9999,0,0,-9999,-9999,-9999
693,2017,3,23,23,270,50,-9999,360,21,-9999,-9999,-9999
694,2017,3,24,1,260,20,-9999,360,31,-9999,-9999,-9999
695,2017,3,24,7,300,-50,-9999,30,31,-9999,-9999,-9999
696,2017,3,24,8,320,-60,-9999,30,41,-9999,-9999,-9999
697,2017,3,24,10,350,-60,-9999,40,51,-9999,-9999,-9999
698,2017,3,24,11,360,-10,-9999,70,51,-9999,-9999,-9999
699,2017,3,24,13,380,-40,-9999,70,36,-9999,-9999,-9999
700,2017,3,24,16,370,-50,-9999,60,21,-9999,-9999,-9999
701,2017,3,24,17,340,10,-9999,40,10,-9999,-9999,-9999
702,2017,3,24,20,280,20,-9999,40,15,-9999,-9999,-9999
703,2017,3,24,22,270,0,-9999,40,15,-9999,-9999,-9999
704,2017,3,25,1,270,-40,-9999,360,15,-9999,-9999,-9999
705,2017,3,25,4,250,-10,-9999,360,26,-9999,-9999,-9999
706,2017,3,25,5,250,-10,-9999,360,15,-9999,-9999,-9999
707,2017,3,25,7,280,-20,-9999,20,51,-9999,-9999,-9999
708,2017,3,25,8,300,40,-9999,30,51,-9999,-9999,-9999
709,2017,3,25,13,360,20,-9999,70,15,-9999,-9999,-9999
710,2017,3,25,17,330,60,-9999,0,0,-9999,-9999,-9999
711,2017,3,25,19,290,40,-9999,0,0,-9999,-9999,-9999
712,2017,3,25,20,280,20,-9999,100,10,-9999,-9999,-9999
713,2017,3,26,1,260,-30,-9999,20,31,-9999,-9999,-9999
714,2017,3,26,2,260,-20,-9999,20,36,-9999,-9999,-9999
715,2017,3,26,4,240,-10,-9999,30,41,-9999,-9999,-9999
716,2017,3,26,5,230,0,-9999,30,51,-9999,-9999,-9999
717,2017,3,26,7,250,-40,-9999,50,72,-9999,-9999,-9999
718,2017,3,26,8,270,-40,-9999,50,67,-9999,-9999,-9999
719,2017,3,26,13,330,0,-9999,40,41,-9999,-9999,-9999
720,2017,3,26,16,320,-10,-9999,60,31,-9999,-9999,-9999
721,2017,3,26,17,310,0,-9999,60,21,-9999,-9999,-9999
722,2017,3,26,19,280,-10,-9999,40,15,-9999,-9999,-9999
723,2017,3,26,20,270,-10,-9999,40,21,-9999,-9999,-9999
724,2017,3,26,22,260,20,-9999,40,15,-9999,-9999,-9999
725,2017,3,26,23,260,10,-9999,30,46,-9999,-9999,-9999
726,2017,3,27,4,210,-60,-9999,10,41,-9999,-9999,-9999
727,2017,3,27,5,210,-80,-9999,20,57,-9999,-9999,-9999
728,2017,3,27,7,240,-100,-9999,10,62,-9999,-9999,-9999
729,2017,3,27,8,260,-110,-9999,10,62,-9999,-9999,-9999
730,2017,3,27,10,310,-70,-9999,40,51,-9999,-9999,-9999
731,2017,3,27,13,340,-40,-9999,70,31,-9999,-9999,-9999
732,2017,3,27,16,330,-20,-9999,90,31,-9999,-9999,-9999
733,2017,3,27,23,260,-40,-9999,60,31,-9999,-9999,-9999
734,2017,3,28,4,220,-140,-9999,360,31,-9999,-9999,-9999
735,2017,3,28,5,210,-120,-9999,40,41,-9999,-9999,-9999
736,2017,3,28,7,250,-9999,-9999,30,57,-9999,-9999,-9999
737,2017,3,28,8,270,-130,-9999,40,51,-9999,-9999,-9999
738,2017,3,28,10,-9999,-9999,-9999,40,46,-9999,-9999,-9999
739,2017,3,28,11,330,-100,-9999,40,31,-9999,-9999,-9999
740,2017,3,28,13,360,-50,-9999,50,21,-9999,-9999,-9999
741,2017,3,28,14,360,-70,-9999,20,10,-9999,-9999,-9999
742,2017,3,28,16,350,-50,-9999,50,21,-9999,-9999,-9999
743,2017,3,28,17,320,-30,-9999,50,10,-9999,-9999,-9999
744,2017,3,28,19,280,-40,-9999,30,15,-9999,-9999,-9999
745,2017,3,28,20,270,-40,-9999,20,10,-9999,-9999,-9999
746,2017,3,28,22,250,-40,-9999,10,15,-9999,-9999,-9999
747,2017,3,28,23,250,-30,-9999,20,15,-9999,-9999,-9999
748,2017,3,29,4,200,-90,-9999,20,10,-9999,-9999,-9999
749,2017,3,29,10,320,-150,-9999,30,57,-9999,-9999,-9999
750,2017,3,29,11,340,-130,-9999,20,57,-9999,-9999,-9999
751,2017,3,29,13,360,-90,-9999,40,51,-9999,-9999,-9999
752,2017,3,29,14,370,-50,-9999,50,36,-9999,-9999,-9999
753,2017,3,29,16,340,-40,-9999,80,21,-9999,-9999,-9999
754,2017,3,29,17,330,-20,-9999,70,21,-9999,-9999,-9999
755,2017,3,30,5,230,-120,-9999,360,46,-9999,-9999,-9999
756,2017,3,30,7,290,-150,-9999,30,51,-9999,-9999,-9999
757,2017,3,30,8,310,-180,-9999,20,57,-9999,-9999,-9999
758,2017,3,30,10,350,-9999,-9999,50,51,-9999,-9999,-9999
759,2017,3,30,11,360,-140,-9999,50,21,-9999,-9999,-9999
760,2017,3,30,13,380,-40,-9999,50,21,-9999,-9999,-9999
761,2017,3,30,14,380,-50,-9999,20,10,-9999,-9999,-9999
762,2017,3,30,16,360,-40,-9999,50,21,-9999,-9999,-9999
763,2017,3,31,1,250,-90,-9999,360,31,-9999,-9999,-9999
764,2017,3,31,4,230,-110,-9999,360,36,-9999,-9999,-9999
765,2017,3,31,5,240,-130,-9999,360,41,-9999,-9999,-9999
766,2017,3,31,7,300,-100,-9999,40,51,-9999,-9999,-9999
767,2017,3,31,8,320,-90,-9999,40,57,-9999,-9999,-9999
768,2017,3,31,11,370,-90,-9999,40,46,-9999,-9999,-9999
769,2017,3,31,13,390,-30,-9999,50,21,-9999,-9999,-9999
770,2017,3,31,14,380,-30,-9999,60,15,-9999,-9999,-9999
771,2017,3,31,16,370,40,-9999,80,31,-9999,-9999,-9999
772,2017,3,31,17,340,50,-9999,90,10,-9999,-9999,-9999
773,2017,3,31,19,290,40,-9999,80,10,-9999,-9999,-9999
774,2017,3,31,20,280,30,-9999,80,15,-9999,-9999,-9999
775,2017,3,31,22,260,-40,-9999,360,21,-9999,-9999,-9999
776,2017,4,1,2,250,-90,-9999,360,31,-9999,-9999,-9999
777,2017,4,1,4,250,-80,-9999,360,31,-9999,-9999,-9999
778,2017,4,1,5,250,-70,-9999,360,21,-9999,-9999,-9999
779,2017,4,1,7,320,-100,-9999,360,51,-9999,-9999,-9999
780,2017,4,1,8,340,-120,-9999,40,51,-9999,-9999,-9999
781,2017,4,1,13,380,0,-9999,120,46,-9999,-9999,-9999
782,2017,4,1,14,380,-30,-9999,40,36,-9999,-9999,-9999
783,2017,4,1,16,370,-30,-9999,40,15,-9999,-9999,-9999
784,2017,4,1,19,310,-30,-9999,40,15,-9999,-9999,-9999
785,2017,4,1,22,300,-30,-9999,30,10,-9999,-9999,-9999
786,2017,4,1,23,290,-40,-9999,30,41,-9999,-9999,-9999
787,2017,4,2,4,270,-20,-9999,360,82,-9999,-9999,-9999
788,2017,4,2,5,270,-20,-9999,10,57,-9999,-9999,-9999
789,2017,4,2,7,270,-10,-9999,20,98,-9999,-9999,-9999
790,2017,4,2,10,330,10,-9999,40,72,-9999,-9999,-9999
791,2017,4,2,14,370,-50,-9999,50,62,-9999,-9999,-9999
792,2017,4,2,16,360,-30,-9999,40,51,-9999,-9999,-9999
793,2017,4,2,17,340,-30,-9999,40,41,-9999,-9999,-9999
794,2017,4,2,19,330,-30,-9999,40,41,-9999,-9999,-9999
795,2017,4,2,20,320,-60,-9999,40,41,-9999,-9999,-9999
796,2017,4,2,23,290,-40,-9999,-9999,-9999,-9999,-9999,-9999
797,2017,4,3,5,250,-50,-9999,20,62,-9999,-9999,-9999
798,2017,4,3,13,370,-50,-9999,30,41,-9999,-9999,-9999
799,2017,4,3,14,370,-30,-9999,40,36,-9999,-9999,-9999
800,2017,4,3,17,330,20,-9999,50,21,-9999,-9999,-9999
801,2017,4,3,19,290,10,-9999,40,15,-9999,-9999,-9999
802,2017,4,4,1,270,-50,-9999,360,41,-9999,-9999,-9999
803,2017,4,4,2,260,-40,-9999,360,21,-9999,-9999,-9999
804,2017,4,4,4,260,-30,-9999,360,36,-9999,-9999,-9999
805,2017,4,4,5,260,-80,-9999,360,51,-9999,-9999,-9999
806,2017,4,4,7,280,-60,-9999,20,57,-9999,-9999,-9999
807,2017,4,4,10,340,-40,-9999,40,36,-9999,-9999,-9999
808,2017,4,4,11,360,-30,-9999,60,46,-9999,-9999,-9999
809,2017,4,4,19,300,-10,-9999,80,15,-9999,-9999,-9999
810,2017,4,4,22,260,-10,-9999,80,5,-9999,-9999,-9999
811,2017,4,5,7,310,-90,-9999,30,67,-9999,-9999,-9999
812,2017,4,5,8,330,-80,-9999,50,51,-9999,-9999,-9999
813,2017,4,5,11,380,-30,-9999,60,5,-9999,-9999,-9999
814,2017,4,5,13,390,20,-9999,90,51,-9999,-9999,-9999
815,2017,4,5,16,380,-30,-9999,60,31,-9999,-9999,-9999
816,2017,4,5,17,370,-40,-9999,50,21,-9999,-9999,-9999
817,2017,4,5,19,330,-20,-9999,50,15,-9999,-9999,-9999
818,2017,4,5,20,330,-20,-9999,0,0,-9999,-9999,-9999
819,2017,4,5,22,280,-20,-9999,20,10,-9999,-9999,-9999
820,2017,4,6,1,280,-60,-9999,360,31,-9999,-9999,-9999
821,2017,4,6,2,270,-80,-9999,360,26,-9999,-9999,-9999
822,2017,4,6,4,250,-110,-9999,360,36,-9999,-9999,-9999
823,2017,4,6,5,270,-150,-9999,360,41,-9999,-9999,-9999
824,2017,4,6,7,310,-9999,-9999,20,82,-9999,-9999,-9999
825,2017,4,6,8,330,-220,-9999,20,77,-9999,-9999,-9999
826,2017,4,6,10,370,-130,-9999,40,62,-9999,-9999,-9999
827,2017,4,6,13,400,-50,-9999,60,57,-9999,-9999,-9999
828,2017,4,6,17,350,-80,-9999,50,31,-9999,-9999,-9999
829,2017,4,6,19,320,-60,-9999,30,21,-9999,-9999,-9999
830,2017,4,6,22,290,-40,-9999,30,31,-9999,-9999,-9999
831,2017,4,7,1,280,-150,-9999,20,31,-9999,-9999,-9999
832,2017,4,7,4,260,-130,-9999,10,21,-9999,-9999,-9999
833,2017,4,7,5,270,-80,-9999,10,41,-9999,-9999,-9999
834,2017,4,7,7,330,-170,-9999,20,88,-9999,-9999,-9999
835,2017,4,7,10,380,-80,-9999,20,88,-9999,-9999,-9999
836,2017,4,7,11,380,-80,-9999,20,88,-9999,-9999,-9999
837,2017,4,7,13,390,-40,-9999,40,26,-9999,-9999,-9999
838,2017,4,7,20,310,-90,-9999,360,31,-9999,-9999,-9999
839,2017,4,7,22,310,-150,-9999,360,31,-9999,-9999,-9999
840,2017,4,8,5,290,-90,-9999,360,41,-9999,-9999,-9999
841,2017,4,8,7,310,-60,-9999,20,72,-9999,-9999,-9999
842,2017,4,8,13,390,-40,-9999,50,57,-9999,-9999,-9999
843,2017,4,8,14,390,-40,-9999,50,51,-9999,-9999,-9999
844,2017,4,8,16,380,-20,-9999,50,41,-9999,-9999,-9999
845,2017,4,8,17,350,-60,-9999,50,21,-9999,-9999,-9999
846,2017,4,9,2,290,-40,-9999,360,41,-9999,-9999,-9999
847,2017,4,9,4,280,-20,-9999,360,41,-9999,-9999,-9999
848,2017,4,9,7,320,-30,-9999,50,82,-9999,-9999,-9999
849,2017,4,9,8,340,-30,-9999,40,130,-9999,-9999,-9999
850,2017,4,9,10,370,-40,-9999,60,72,-9999,-9999,-9999
851,2017,4,10,4,260,10,-9999,20,21,-9999,-9999,-9999
852,2017,4,10,10,370,30,-9999,40,36,-9999,-9999,-9999
853,2017,4,10,14,400,20,-9999,30,15,-9999,-9999,-9999
854,2017,4,10,16,380,-20,-9999,40,21,-9999,-9999,-9999
855,2017,4,10,17,360,-10,-9999,40,15,-9999,-9999,-9999
856,2017,4,10,19,310,10,-9999,50,15,-9999,-9999,-9999
857,2017,4,10,20,300,30,-9999,40,10,-9999,-9999,-9999
858,2017,4,10,22,290,-10,-9999,30,15,-9999,-9999,-9999
859,2017,4,11,1,270,-20,-9999,0,0,-9999,-9999,-9999
860,2017,4,11,2,250,30,-9999,0,0,-9999,-9999,-9999
861,2017,4,11,7,320,120,-9999,270,51,-9999,-9999,-9999
862,2017,4,11,8,340,130,-9999,270,57,-9999,-9999,-9999
863,2017,4,11,10,380,120,-9999,200,26,-9999,-9999,-9999
864,2017,4,11,11,390,120,-9999,210,21,-9999,-9999,-9999
865,2017,4,11,13,400,-9999,-9999,150,5,-9999,-9999,-9999
866,2017,4,11,16,380,100,-9999,0,0,-9999,-9999,-9999
867,2017,4,11,19,330,110,-9999,-9999,-9999,-9999,-9999,-9999
868,2017,4,12,8,350,150,-9999,210,57,-9999,-9999,-9999
869,2017,4,12,10,370,140,-9999,220,51,-9999,-9999,-9999
870,2017,4,12,13,390,140,-9999,230,21,-9999,-9999,-9999
871,2017,4,12,20,270,170,-9999,80,36,-9999,-9999,-9999
872,2017,4,12,22,270,150,-9999,120,51,-9999,-9999,-9999
873,2017,4,12,23,260,190,-9999,180,41,-9999,-9999,-9999
874,2017,4,13,1,250,170,-9999,270,31,-9999,-9999,-9999
875,2017,4,13,2,250,170,-9999,270,41,-9999,-9999,-9999
876,2017,4,13,4,240,170,-9999,280,46,-9999,-9999,-9999
877,2017,4,13,7,310,170,-9999,260,21,-9999,-9999,-9999
878,2017,4,13,10,370,140,-9999,250,21,-9999,-9999,-9999
879,2017,4,13,20,300,180,-9999,250,57,-9999,-9999,-9999
880,2017,4,14,5,260,80,-9999,-9999,-9999,-9999,-9999,-9999
881,2017,4,14,7,300,180,-9999,310,41,-9999,-9999,-9999
882,2017,4,14,8,330,180,-9999,320,15,-9999,-9999,-9999
883,2017,4,14,16,-9999,-9999,-9999,60,21,-9999,-9999,-9999
884,2017,4,14,17,360,130,-9999,60,31,-9999,-9999,-9999
885,2017,4,14,20,280,180,-9999,150,51,-9999,-9999,-9999
886,2017,4,14,22,280,180,-9999,260,21,-9999,-9999,-9999
887,2017,4,15,2,270,190,-9999,0,0,-9999,-9999,-9999
888,2017,4,15,4,270,190,-9999,320,40,-9999,-9999,-9999
889,2017,4,15,7,280,150,-9999,360,31,-9999,-9999,-9999
890,2017,4,15,8,240,160,-9999,50,10,-9999,-9999,-9999
891,2017,4,15,13,270,120,-9999,50,10,-9999,-9999,-9999
892,2017,4,15,14,280,110,-9999,310,15,-9999,-9999,-9999
893,2017,4,15,16,280,80,-9999,360,15,-9999,-9999,-9999
894,2017,4,15,17,270,100,-9999,360,10,-9999,-9999,-9999
895,2017,4,15,19,260,110,-9999,0,0,-9999,-9999,-9999
896,2017,4,15,20,260,100,-9999,360,5,-9999,-9999,-9999
897,2017,4,16,4,200,40,-9999,40,36,-9999,-9999,-9999
898,2017,4,16,5,240,40,-9999,30,36,-9999,-9999,-9999
899,2017,4,16,7,250,110,-9999,20,31,-9999,-9999,-9999
900,2017,4,16,8,260,130,-9999,40,41,-9999,-9999,-9999
901,2017,4,16,10,290,210,-9999,30,51,-9999,-9999,-9999
902,2017,4,16,13,330,130,-9999,360,41,-9999,-9999,-9999
903,2017,4,16,14,320,120,-9999,20,31,-9999,-9999,-9999
904,2017,4,16,19,270,110,-9999,360,36,-9999,-9999,-9999
905,2017,4,16,22,260,80,-9999,360,31,-9999,-9999,-9999
906,2017,4,16,23,260,80,-9999,20,31,-9999,-9999,-9999
907,2017,4,17,1,250,60,-9999,20,36,-9999,-9999,-9999
908,2017,4,17,4,240,40,-9999,360,46,-9999,-9999,-9999
909,2017,4,17,5,250,-9999,-9999,20,41,-9999,-9999,-9999
910,2017,4,17,7,270,-80,-9999,30,57,-9999,-9999,-9999
911,2017,4,17,8,280,-60,-9999,30,51,-9999,-9999,-9999
912,2017,4,17,13,330,-20,-9999,310,41,-9999,-9999,-9999
913,2017,4,17,14,320,-10,-9999,10,36,-9999,-9999,-9999
914,2017,4,17,16,330,0,-9999,20,51,-9999,-9999,-9999
915,2017,4,17,17,300,-20,-9999,40,31,-9999,-9999,-9999
916,2017,4,17,19,280,10,-9999,40,15,-9999,-9999,-9999
917,2017,4,17,20,270,10,-9999,40,21,-9999,-9999,-9999
918,2017,4,17,22,260,10,-9999,30,31,-9999,-9999,-9999
919,2017,4,17,23,260,10,-9999,10,41,-9999,-9999,-9999
920,2017,4,18,2,250,10,-9999,20,26,-9999,-9999,-9999
921,2017,4,18,5,250,-50,-9999,20,26,-9999,-9999,-9999
922,2017,4,18,7,290,-100,-9999,60,46,-9999,-9999,-9999
923,2017,4,18,10,330,-140,-9999,30,72,-9999,-9999,-9999
924,2017,4,18,11,340,-150,-9999,40,72,-9999,-9999,-9999
925,2017,4,18,13,360,-70,-9999,40,62,-9999,-9999,-9999
926,2017,4,18,14,360,-60,-9999,50,62,-9999,-9999,-9999
927,2017,4,18,16,340,-120,-9999,40,57,-9999,-9999,-9999
928,2017,4,18,17,320,-120,-9999,50,62,-9999,-9999,-9999
929,2017,4,18,22,270,-100,-9999,40,31,-9999,-9999,-9999
930,2017,4,19,4,250,-110,-9999,360,41,-9999,-9999,-9999
931,2017,4,19,5,250,-110,-9999,360,41,-9999,-9999,-9999
932,2017,4,19,7,300,-80,-9999,20,82,-9999,-9999,-9999
933,2017,4,19,11,350,-140,-9999,50,62,-9999,-9999,-9999
934,2017,4,19,13,370,-100,-9999,30,57,-9999,-9999,-9999
935,2017,4,19,14,370,-70,-9999,360,51,-9999,-9999,-9999
936,2017,4,19,16,350,-70,-9999,40,36,-9999,-9999,-9999
937,2017,4,19,17,340,-70,-9999,50,26,-9999,-9999,-9999
938,2017,4,19,19,310,-20,-9999,40,31,-9999,-9999,-9999
939,2017,4,19,22,290,-50,-9999,30,21,-9999,-9999,-9999
940,2017,4,19,23,290,-50,-9999,40,26,-9999,-9999,-9999
941,2017,4,20,1,280,-110,-9999,360,36,-9999,-9999,-9999
942,2017,4,20,2,270,-120,-9999,20,41,-9999,-9999,-9999
943,2017,4,20,7,300,-100,-9999,50,72,-9999,-9999,-9999
944,2017,4,20,8,320,-130,-9999,60,82,-9999,-9999,-9999
945,2017,4,20,13,380,-50,-9999,50,51,-9999,-9999,-9999
946,2017,4,20,14,380,-50,-9999,60,100,-9999,-9999,-9999
947,2017,4,20,16,370,-30,-9999,50,26,-9999,-9999,-9999
948,2017,4,20,19,-9999,40,-9999,70,21,-9999,-9999,-9999
949,2017,4,20,20,300,30,-9999,40,26,-9999,-9999,-9999
950,2017,4,21,4,260,0,-9999,360,26,-9999,-9999,-9999
951,2017,4,21,5,230,-20,-9999,-9999,-9999,-9999,-9999,-9999
952,2017,4,21,7,320,-9999,-9999,20,51,-9999,-9999,-9999
953,2017,4,21,8,330,-60,-9999,30,51,-9999,-9999,-9999
954,2017,4,21,11,280,-80,-9999,70,15,-9999,-9999,-9999
955,2017,4,21,17,360,20,-9999,70,10,-9999,-9999,-9999
956,2017,4,21,22,290,40,-9999,70,10,-9999,-9999,-9999
957,2017,4,21,23,290,40,-9999,30,15,-9999,-9999,-9999
958,2017,4,22,1,280,20,-9999,360,31,-9999,-9999,-9999
959,2017,4,22,4,260,-80,-9999,360,40,-9999,-9999,-9999
960,2017,4,22,5,250,40,-9999,350,31,-9999,-9999,-9999
961,2017,4,22,7,350,-40,-9999,10,62,-9999,-9999,-9999
962,2017,4,22,8,370,-9999,-9999,360,57,-9999,-9999,-9999
963,2017,4,22,10,400,-50,-9999,90,21,-9999,-9999,-9999
964,2017,4,22,11,410,-10,-9999,0,0,-9999,-9999,-9999
965,2017,4,22,13,400,20,-9999,0,0,-9999,-9999,-9999
966,2017,4,22,14,420,30,-9999,60,15,-9999,-9999,-9999
967,2017,4,22,20,320,-20,-9999,140,30,-9999,-9999,-9999
968,2017,4,22,22,300,-10,-9999,0,0,-9999,-9999,-9999
969,2017,4,22,23,300,-20,-9999,340,21,-9999,-9999,-9999
970,2017,4,23,5,280,-40,-9999,330,10,-9999,-9999,-9999
971,2017,4,23,7,350,-10,-9999,110,15,-9999,-9999,-9999
972,2017,4,23,10,390,-80,-9999,60,15,-9999,-9999,-9999
973,2017,4,23,11,390,-20,-9999,70,36,-9999,-9999,-9999
974,2017,4,23,13,400,-110,-9999,40,31,-9999,-9999,-9999
975,2017,4,23,14,400,-50,-9999,40,41,-9999,-9999,-9999
976,2017,4,23,19,330,-30,-9999,70,15,-9999,-9999,-9999
977,2017,4,23,20,320,-40,-9999,70,10,-9999,-9999,-9999
978,2017,4,24,1,290,-80,-9999,360,31,-9999,-9999,-9999
979,2017,4,24,2,290,-120,-9999,360,31,-9999,-9999,-9999
980,2017,4,24,4,280,-150,-9999,20,72,-9999,-9999,-9999
981,2017,4,24,5,280,-110,-9999,20,62,-9999,-9999,-9999
982,2017,4,24,8,320,-60,-9999,40,62,-9999,-9999,-9999
983,2017,4,24,10,360,-30,-9999,50,77,-9999,-9999,-9999
984,2017,4,24,11,370,-20,-9999,70,41,-9999,-9999,-9999
985,2017,4,24,13,380,-10,-9999,40,51,-9999,-9999,-9999
986,2017,4,24,14,380,-20,-9999,50,51,-9999,-9999,-9999
987,2017,4,24,16,360,-80,-9999,50,51,-9999,-9999,-9999
988,2017,4,24,17,350,-40,-9999,50,31,-9999,-9999,-9999
989,2017,4,24,19,330,-80,-9999,40,31,-9999,-9999,-9999
990,2017,4,24,20,320,-70,-9999,50,51,-9999,-9999,-9999
991,2017,4,24,22,310,-80,-9999,50,51,-9999,-9999,-9999
992,2017,4,25,1,290,-40,-9999,40,31,-9999,-9999,-9999
993,2017,4,25,2,290,-60,-9999,40,51,-9999,-9999,-9999
994,2017,4,25,5,260,-80,-9999,10,51,-9999,-9999,-9999
995,2017,4,25,7,280,-20,-9999,20,67,-9999,-9999,-9999
996,2017,4,25,8,290,-9999,-9999,20,82,-9999,-9999,-9999
997,2017,4,25,11,350,-160,-9999,30,57,-9999,-9999,-9999
998,2017,4,25,13,360,-90,-9999,40,72,-9999,-9999,-9999
999,2017,4,25,14,360,-60,-9999,40,41,-9999,-9999,-9999
1000,2017,4,25,19,300,-40,-9999,70,30,-9999,-9999,-9999
1001,2017,4,25,20,300,-20,-9999,70,26,-9999,-9999,-9999
1002,2017,4,26,7,300,-100,-9999,20,57,-9999,-9999,-9999
1003,2017,4,26,10,340,-40,-9999,80,21,-9999,-9999,-9999
1004,2017,4,26,13,360,-90,-9999,50,31,-9999,-9999,-9999
1005,2017,4,26,17,330,-80,-9999,70,31,-9999,-9999,-9999
1006,2017,4,26,19,290,-20,-9999,80,26,-9999,-9999,-9999
1007,2017,4,26,22,250,-50,-9999,80,15,-9999,-9999,-9999
1008,2017,4,27,4,230,-60,-9999,360,21,-9999,-9999,-9999
1009,2017,4,27,5,240,-80,-9999,360,26,-9999,-9999,-9999
1010,2017,4,27,7,310,-90,-9999,40,67,-9999,-9999,-9999
1011,2017,4,27,10,360,-90,-9999,40,31,-9999,-9999,-9999
1012,2017,4,27,11,370,-60,-9999,70,41,-9999,-9999,-9999
1013,2017,4,27,13,380,-80,-9999,50,41,-9999,-9999,-9999
1014,2017,4,27,14,370,-20,-9999,40,21,-9999,-9999,-9999
1015,2017,4,27,16,360,-30,-9999,70,21,-9999,-9999,-9999
1016,2017,4,27,17,340,-10,-9999,60,10,-9999,-9999,-9999
1017,2017,4,27,19,300,30,-9999,0,0,-9999,-9999,-9999
1018,2017,4,27,20,280,10,-9999,60,15,-9999,-9999,-9999
1019,2017,4,27,22,270,0,-9999,50,10,-9999,-9999,-9999
1020,2017,4,27,23,260,10,-9999,50,15,-9999,-9999,-9999
1021,2017,4,28,4,260,-50,-9999,350,36,-9999,-9999,-9999
1022,2017,4,28,5,270,-70,-9999,350,36,-9999,-9999,-9999
1023,2017,4,28,13,380,-60,-9999,80,36,-9999,-9999,-9999
1024,2017,4,28,14,380,-60,-9999,60,41,-9999,-9999,-9999
1025,2017,4,28,16,370,40,-9999,80,26,-9999,-9999,-9999
1026,2017,4,28,17,350,30,-9999,70,10,-9999,-9999,-9999
1027,2017,4,28,19,330,-50,-9999,0,0,-9999,-9999,-9999
1028,2017,4,28,20,280,10,-9999,0,0,-9999,-9999,-9999
1029,2017,4,28,22,270,10,-9999,60,10,-9999,-9999,-9999
1030,2017,4,29,1,270,-10,-9999,0,0,-9999,-9999,-9999
1031,2017,4,29,2,270,-20,-9999,340,15,-9999,-9999,-9999
1032,2017,4,29,4,290,10,-9999,340,10,-9999,-9999,-9999
1033,2017,4,29,5,260,-10,-9999,350,10,-9999,-9999,-9999
1034,2017,4,29,8,340,-80,-9999,30,51,-9999,-9999,-9999
1035,2017,4,29,11,390,-9999,-9999,40,51,-9999,-9999,-9999
1036,2017,4,29,13,400,-80,-9999,40,36,-9999,-9999,-9999
1037,2017,4,29,16,380,-80,-9999,50,26,-9999,-9999,-9999
1038,2017,4,29,19,310,-30,-9999,70,15,-9999,-9999,-9999
1039,2017,4,29,20,280,-30,-9999,0,0,-9999,-9999,-9999
1040,2017,4,29,22,270,0,-9999,80,10,-9999,-9999,-9999
1041,2017,4,29,23,270,-80,-9999,30,10,-9999,-9999,-9999
1042,2017,4,30,1,260,-30,-9999,360,21,-9999,-9999,-9999
1043,2017,4,30,7,350,-10,-9999,20,51,-9999,-9999,-9999
1044,2017,4,30,8,380,-110,-9999,40,51,-9999,-9999,-9999
1045,2017,4,30,10,390,-120,-9999,50,41,-9999,-9999,-9999
1046,2017,4,30,14,400,-150,-9999,30,41,-9999,-9999,-9999
1047,2017,4,30,16,390,-40,-9999,60,62,-9999,-9999,-9999
1048,2017,4,30,17,360,-30,-9999,50,21,-9999,-9999,-9999
1049,2017,4,30,19,320,-30,-9999,50,15,-9999,-9999,-9999
1050,2017,4,30,20,300,-60,-9999,50,15,-9999,-9999,-9999
1051,2017,5,1,5,250,-10,-9999,50,10,-9999,-9999,-9999
1052,2017,5,1,7,320,160,-9999,150,21,-9999,-9999,-9999
1053,2017,5,1,13,380,90,-9999,20,20,-9999,-9999,-9999
1054,2017,5,1,14,390,80,-9999,40,26,-9999,-9999,-9999
1055,2017,5,1,16,370,110,-9999,90,21,-9999,-9999,-9999
1056,2017,5,1,20,310,80,-9999,30,36,-9999,-9999,-9999
1057,2017,5,1,22,290,70,-9999,40,15,-9999,-9999,-9999
1058,2017,5,1,23,280,60,-9999,30,10,-9999,-9999,-9999
1059,2017,5,2,1,280,20,-9999,360,10,-9999,-9999,-9999
1060,2017,5,2,5,270,10,-9999,130,10,-9999,-9999,-9999
1061,2017,5,2,8,350,-90,-9999,30,36,-9999,-9999,-9999
1062,2017,5,2,10,370,-90,-9999,80,21,-9999,-9999,-9999
1063,2017,5,2,11,370,-9999,-9999,40,26,-9999,-9999,-9999
1064,2017,5,2,13,400,-50,-9999,80,21,-9999,-9999,-9999
1065,2017,5,2,14,390,-60,-9999,80,31,-9999,-9999,-9999
1066,2017,5,2,16,380,-80,-9999,90,15,-9999,-9999,-9999
1067,2017,5,2,17,360,-30,-9999,90,15,-9999,-9999,-9999
1068,2017,5,2,20,280,20,-9999,0,0,-9999,-9999,-9999
1069,2017,5,2,22,280,-20,-9999,360,21,-9999,-9999,-9999
1070,2017,5,3,1,260,-40,-9999,360,21,-9999,-9999,-9999
1071,2017,5,3,4,260,-30,-9999,350,21,-9999,-9999,-9999
1072,2017,5,3,5,260,-30,-9999,350,21,-9999,-9999,-9999
1073,2017,5,3,7,340,-10,-9999,50,57,-9999,-9999,-9999
1074,2017,5,3,10,380,-80,-9999,40,82,-9999,-9999,-9999
1075,2017,5,3,11,400,-110,-9999,50,82,-9999,-9999,-9999
1076,2017,5,3,13,400,0,-9999,80,41,-9999,-9999,-9999
1077,2017,5,3,16,380,-60,-9999,50,15,-9999,-9999,-9999
1078,2017,5,3,17,360,10,-9999,80,21,-9999,-9999,-9999
1079,2017,5,3,19,320,-9999,-9999,70,21,-9999,-9999,-9999
1080,2017,5,3,22,290,-40,-9999,350,15,-9999,-9999,-9999
1081,2017,5,4,4,290,-40,-9999,360,36,-9999,-9999,-9999
1082,2017,5,4,5,290,-40,-9999,360,31,-9999,-9999,-9999
1083,2017,5,4,8,350,-70,-9999,40,51,-9999,-9999,-9999
1084,2017,5,4,10,390,-40,-9999,70,67,-9999,-9999,-9999
1085,2017,5,4,16,390,10,-9999,50,31,-9999,-9999,-9999
1086,2017,5,4,19,320,0,-9999,30,21,-9999,-9999,-9999
1087,2017,5,4,20,310,10,-9999,20,10,-9999,-9999,-9999
1088,2017,5,4,22,300,20,-9999,20,10,-9999,-9999,-9999
1089,2017,5,5,4,280,100,-9999,20,15,-9999,-9999,-9999
1090,2017,5,5,7,330,80,-9999,-9999,-9999,-9999,-9999,-9999
1091,2017,5,5,13,380,80,-9999,90,62,-9999,-9999,-9999
1092,2017,5,5,14,380,50,-9999,80,46,-9999,-9999,-9999
1093,2017,5,5,16,370,40,-9999,80,36,-9999,-9999,-9999
1094,2017,5,5,17,350,70,-9999,90,10,-9999,-9999,-9999
1095,2017,5,5,20,310,60,-9999,90,10,-9999,-9999,-9999
1096,2017,5,5,22,310,40,-9999,10,57,-9999,-9999,-9999
1097,2017,5,5,23,290,40,-9999,360,15,-9999,-9999,-9999
1098,2017,5,6,1,290,40,-9999,80,31,-9999,-9999,-9999
1099,2017,5,6,4,260,20,-9999,50,10,-9999,-9999,-9999
1100,2017,5,6,5,270,0,-9999,340,21,-9999,-9999,-9999
1101,2017,5,6,8,350,-30,-9999,30,77,-9999,-9999,-9999
1102,2017,5,6,10,370,-10,-9999,50,67,-9999,-9999,-9999
1103,2017,5,6,13,390,10,-9999,50,88,-9999,-9999,-9999
1104,2017,5,6,14,390,-10,-9999,50,46,-9999,-9999,-9999
1105,2017,5,6,17,370,0,-9999,70,21,-9999,-9999,-9999
1106,2017,5,7,1,310,10,-9999,20,41,-9999,-9999,-9999
1107,2017,5,7,7,320,0,-9999,50,46,-9999,-9999,-9999
1108,2017,5,7,8,340,0,-9999,60,51,-9999,-9999,-9999
1109,2017,5,7,11,370,-20,-9999,70,51,-9999,-9999,-9999
1110,2017,5,7,13,390,50,-9999,80,41,-9999,-9999,-9999
1111,2017,5,7,14,390,40,-9999,270,31,-9999,-9999,-9999
1112,2017,5,7,16,380,40,-9999,100,41,-9999,-9999,-9999
1113,2017,5,7,17,350,50,-9999,60,5,-9999,-9999,-9999
1114,2017,5,7,19,290,70,-9999,60,5,-9999,-9999,-9999
1115,2017,5,7,20,290,60,-9999,60,5,-9999,-9999,-9999
1116,2017,5,7,22,280,40,-9999,50,20,-9999,-9999,-9999
1117,2017,5,8,1,280,-20,-9999,30,31,-9999,-9999,-9999
1118,2017,5,8,4,260,40,-9999,140,10,-9999,-9999,-9999
1119,2017,5,8,5,250,40,-9999,130,10,-9999,-9999,-9999
1120,2017,5,8,7,300,-50,-9999,50,31,-9999,-9999,-9999
1121,2017,5,8,11,370,-20,-9999,40,21,-9999,-9999,-9999
1122,2017,5,8,13,370,-20,-9999,40,31,-9999,-9999,-9999
1123,2017,5,8,14,370,0,-9999,50,15,-9999,-9999,-9999
1124,2017,5,8,16,370,0,-9999,20,15,-9999,-9999,-9999
1125,2017,5,8,17,350,30,-9999,80,15,-9999,-9999,-9999
1126,2017,5,8,19,300,60,-9999,0,0,-9999,-9999,-9999
1127,2017,5,8,22,280,40,-9999,0,0,-9999,-9999,-9999
1128,2017,5,8,23,280,40,-9999,0,0,-9999,-9999,-9999
1129,2017,5,9,1,260,20,-9999,360,21,-9999,-9999,-9999
1130,2017,5,9,4,250,-30,-9999,340,15,-9999,-9999,-9999
1131,2017,5,9,7,310,-60,-9999,80,51,-9999,-9999,-9999
1132,2017,5,9,10,360,-60,-9999,30,31,-9999,-9999,-9999
1133,2017,5,9,11,360,-60,-9999,50,21,-9999,-9999,-9999
1134,2017,5,9,13,380,-20,-9999,10,15,-9999,-9999,-9999
1135,2017,5,9,14,360,10,-9999,-9999,10,-9999,-9999,-9999
1136,2017,5,9,17,-9999,-9999,-9999,50,15,-9999,-9999,-9999
1137,2017,5,9,19,320,0,-9999,50,15,-9999,-9999,-9999
1138,2017,5,9,20,310,0,-9999,50,10,-9999,-9999,-9999
1139,2017,5,10,4,270,-50,-9999,360,26,-9999,-9999,-9999
1140,2017,5,10,5,280,-20,-9999,360,31,-9999,-9999,-9999
1141,2017,5,10,11,390,-40,-9999,20,46,-9999,-9999,-9999
1142,2017,5,10,13,400,-40,-9999,50,41,-9999,-9999,-9999
1143,2017,5,10,14,400,-50,-9999,30,31,-9999,-9999,-9999
1144,2017,5,10,16,380,-60,-9999,40,21,-9999,-9999,-9999
1145,2017,5,10,17,360,20,-9999,40,10,-9999,-9999,-9999
1146,2017,5,10,19,320,-50,-9999,0,0,-9999,-9999,-9999
1147,2017,5,10,20,320,50,-9999,0,0,-9999,-9999,-9999
1148,2017,5,10,22,310,-40,-9999,360,15,-9999,-9999,-9999
1149,2017,5,10,23,300,-10,-9999,360,21,-9999,-9999,-9999
1150,2017,5,11,1,310,-60,-9999,360,36,-9999,-9999,-9999
1151,2017,5,11,2,310,-40,-9999,-9999,-9999,-9999,-9999,-9999
1152,2017,5,11,4,300,-60,-9999,90,26,-9999,-9999,-9999
1153,2017,5,11,5,290,-80,-9999,70,26,-9999,-9999,-9999
1154,2017,5,11,7,330,-100,-9999,60,46,-9999,-9999,-9999
1155,2017,5,11,8,350,-110,-9999,50,57,-9999,-9999,-9999
1156,2017,5,11,10,380,-100,-9999,60,41,-9999,-9999,-9999
1157,2017,5,11,11,390,-100,-9999,60,31,-9999,-9999,-9999
1158,2017,5,11,13,400,0,-9999,60,21,-9999,-9999,-9999
1159,2017,5,11,14,400,0,-9999,50,31,-9999,-9999,-9999
1160,2017,5,11,16,390,50,-9999,90,15,-9999,-9999,-9999
1161,2017,5,12,7,330,140,-9999,210,21,-9999,-9999,-9999
1162,2017,5,12,8,340,150,-9999,220,15,-9999,-9999,-9999
1163,2017,5,12,11,390,100,-9999,360,21,-9999,-9999,-9999
1164,2017,5,12,13,400,0,-9999,70,51,-9999,-9999,-9999
1165,2017,5,12,14,400,0,-9999,10,46,-9999,-9999,-9999
1166,2017,5,12,16,390,40,-9999,40,31,-9999,-9999,-9999
1167,2017,5,12,17,370,-50,-9999,50,15,-9999,-9999,-9999
1168,2017,5,13,4,290,-40,-9999,40,36,-9999,-9999,-9999
1169,2017,5,13,8,340,-40,-9999,40,51,-9999,-9999,-9999
1170,2017,5,13,10,370,-10,-9999,60,46,-9999,-9999,-9999
1171,2017,5,13,11,380,0,-9999,60,51,-9999,-9999,-9999
1172,2017,5,13,13,400,40,-9999,-9999,-9999,-9999,-9999,-9999
1173,2017,5,13,14,400,40,-9999,20,10,-9999,-9999,-9999
1174,2017,5,13,20,320,40,-9999,50,10,-9999,-9999,-9999
1175,2017,5,14,2,280,-10,-9999,0,0,-9999,-9999,-9999
1176,2017,5,14,4,240,50,-9999,0,0,-9999,-9999,-9999
1177,2017,5,14,5,250,40,-9999,0,0,-9999,-9999,-9999
1178,2017,5,14,7,330,20,-9999,40,21,-9999,-9999,-9999
1179,2017,5,14,8,320,-40,-9999,30,31,-9999,-9999,-9999
1180,2017,5,14,10,360,-50,-9999,20,36,-9999,-9999,-9999
1181,2017,5,14,11,380,-80,-9999,30,15,-9999,-9999,-9999
1182,2017,5,14,16,380,-40,-9999,40,26,-9999,-9999,-9999
1183,2017,5,14,17,360,-30,-9999,60,21,-9999,-9999,-9999
1184,2017,5,14,19,330,-20,-9999,60,15,-9999,-9999,-9999
1185,2017,5,14,20,320,-30,-9999,60,15,-9999,-9999,-9999
1186,2017,5,14,22,310,60,-9999,130,26,-9999,-9999,-9999
1187,2017,5,15,14,370,110,-9999,230,31,-9999,-9999,-9999
1188,2017,5,15,20,300,150,-9999,230,10,-9999,-9999,-9999
1189,2017,5,15,22,300,140,-9999,240,21,-9999,-9999,-9999
1190,2017,5,16,13,380,140,-9999,250,15,-9999,-9999,-9999
1191,2017,5,17,4,290,200,-9999,110,15,-9999,-9999,-9999
1192,2017,5,17,7,280,200,-9999,200,26,-9999,-9999,-9999
1193,2017,5,17,8,300,190,-9999,260,41,-9999,-9999,-9999
1194,2017,5,17,10,340,150,-9999,250,31,-9999,-9999,-9999
1195,2017,5,17,11,350,150,-9999,240,26,-9999,-9999,-9999
1196,2017,5,17,13,370,130,-9999,320,21,-9999,-9999,-9999
1197,2017,5,17,14,390,140,-9999,70,10,-9999,-9999,-9999
1198,2017,5,17,16,370,130,-9999,140,10,-9999,-9999,-9999
1199,2017,5,17,17,350,160,-9999,0,0,-9999,-9999,-9999
1200,2017,5,17,19,330,160,-9999,0,0,-9999,-9999,-9999
1201,2017,5,17,22,300,160,-9999,0,0,-9999,-9999,-9999
1202,2017,5,17,23,300,160,-9999,0,0,-9999,-9999,-9999
1203,2017,5,18,1,300,160,-9999,180,10,-9999,-9999,-9999
1204,2017,5,18,2,300,160,-9999,220,21,-9999,-9999,-9999
1205,2017,5,18,4,290,180,-9999,230,31,-9999,-9999,-9999
1206,2017,5,18,5,290,180,-9999,240,36,-9999,-9999,-9999
1207,2017,5,18,7,320,170,-9999,270,31,-9999,-9999,-9999
1208,2017,5,18,8,330,160,-9999,260,41,-9999,-9999,-9999
1209,2017,5,18,10,370,140,-9999,240,36,-9999,-9999,-9999
1210,2017,5,18,11,380,140,-9999,240,51,-9999,-9999,-9999
1211,2017,5,18,13,400,130,-9999,0,0,-9999,-9999,-9999
1212,2017,5,18,16,-9999,90,-9999,180,31,-9999,-9999,-9999
1213,2017,5,18,20,320,170,-9999,180,21,-9999,-9999,-9999
1214,2017,5,18,23,290,160,-9999,140,41,-9999,-9999,-9999
1215,2017,5,19,1,250,210,-9999,100,62,-9999,-9999,-9999
1216,2017,5,19,2,250,180,-9999,180,31,-9999,-9999,-9999
1217,2017,5,19,4,230,200,-9999,190,15,-9999,-9999,-9999
1218,2017,5,19,7,260,190,-9999,240,26,-9999,-9999,-9999
1219,2017,5,19,8,270,190,-9999,260,31,-9999,-9999,-9999
1220,2017,5,19,10,330,180,-9999,200,31,-9999,-9999,-9999
1221,2017,5,19,11,340,170,-9999,150,57,-9999,-9999,-9999
1222,2017,5,19,13,350,190,-9999,160,26,-9999,-9999,-9999
1223,2017,5,19,14,350,170,-9999,180,26,-9999,-9999,-9999
1224,2017,5,19,16,340,150,-9999,180,41,-9999,-9999,-9999
1225,2017,5,20,4,240,210,-9999,0,0,-9999,-9999,-9999
1226,2017,5,20,5,250,190,-9999,0,0,-9999,-9999,-9999
1227,2017,5,20,7,290,210,-9999,0,0,-9999,-9999,-9999
1228,2017,5,20,8,300,180,-9999,170,31,-9999,-9999,-9999
1229,2017,5,20,10,330,160,-9999,160,21,-9999,-9999,-9999
1230,2017,5,20,11,350,150,-9999,0,0,-9999,-9999,-9999
1231,2017,5,20,19,340,170,-9999,120,36,-9999,-9999,-9999
1232,2017,5,20,20,320,160,-9999,110,31,-9999,-9999,-9999
1233,2017,5,21,4,280,170,-9999,0,0,-9999,-9999,-9999
1234,2017,5,21,5,290,160,-9999,20,15,-9999,-9999,-9999
1235,2017,5,21,10,360,150,-9999,110,26,-9999,-9999,-9999
1236,2017,5,21,16,350,150,-9999,60,15,-9999,-9999,-9999
1237,2017,5,21,20,310,170,-9999,170,41,-9999,-9999,-9999
1238,2017,5,22,4,250,200,-9999,200,15,-9999,-9999,-9999
1239,2017,5,22,7,250,190,-9999,240,36,-9999,-9999,-9999
1240,2017,5,22,8,270,180,-9999,240,51,-9999,-9999,-9999
1241,2017,5,22,10,300,170,-9999,250,31,-9999,-9999,-9999
1242,2017,5,22,13,340,150,-9999,280,10,-9999,-9999,-9999
1243,2017,5,22,14,340,150,-9999,210,15,-9999,-9999,-9999
1244,2017,5,22,16,350,150,-9999,200,15,-9999,-9999,-9999
1245,2017,5,22,17,330,140,-9999,190,21,-9999,-9999,-9999
1246,2017,5,22,19,310,170,-9999,170,26,-9999,-9999,-9999
1247,2017,5,22,20,300,180,-9999,170,21,-9999,-9999,-9999
1248,2017,5,22,22,290,180,-9999,190,26,-9999,-9999,-9999
1249,2017,5,22,23,290,200,-9999,200,21,-9999,-9999,-9999
1250,2017,5,23,1,280,200,-9999,180,15,-9999,-9999,-9999
1251,2017,5,23,2,270,200,-9999,200,21,-9999,-9999,-9999
1252,2017,5,23,4,260,190,-9999,180,10,-9999,-9999,-9999
1253,2017,5,23,5,260,190,-9999,190,15,-9999,-9999,-9999
1254,2017,5,23,7,290,180,-9999,200,15,-9999,-9999,-9999
1255,2017,5,23,8,310,170,-9999,130,15,-9999,-9999,-9999
1256,2017,5,23,10,350,170,-9999,110,21,-9999,-9999,-9999
1257,2017,5,23,13,350,170,-9999,120,15,-9999,-9999,-9999
1258,2017,5,23,14,270,210,-9999,90,21,-9999,-9999,-9999
1259,2017,5,23,20,270,190,-9999,350,15,-9999,-9999,-9999
1260,2017,5,24,1,260,210,-9999,0,0,-9999,-9999,-9999
1261,2017,5,24,2,250,210,-9999,0,0,-9999,-9999,-9999
1262,2017,5,24,4,260,200,-9999,0,0,-9999,-9999,-9999
1263,2017,5,24,5,270,190,-9999,0,0,-9999,-9999,-9999
1264,2017,5,24,7,310,190,-9999,50,15,-9999,-9999,-9999
1265,2017,5,24,10,350,140,-9999,70,21,-9999,-9999,-9999
1266,2017,5,24,20,310,150,-9999,0,0,-9999,-9999,-9999
1267,2017,5,25,4,290,40,-9999,350,15,-9999,-9999,-9999
1268,2017,5,25,5,280,40,-9999,360,31,-9999,-9999,-9999
1269,2017,5,25,10,380,-50,-9999,40,77,-9999,-9999,-9999
1270,2017,5,25,13,400,-50,-9999,40,62,-9999,-9999,-9999
1271,2017,5,25,14,400,0,-9999,50,41,-9999,-9999,-9999
1272,2017,5,25,16,360,60,-9999,140,200,-9999,-9999,-9999
1273,2017,5,25,17,290,190,-9999,120,82,-9999,-9999,-9999
1274,2017,5,25,19,270,190,-9999,130,31,-9999,-9999,-9999
1275,2017,5,25,20,260,190,-9999,200,31,-9999,-9999,-9999
1276,2017,5,26,2,270,180,-9999,320,21,-9999,-9999,-9999
1277,2017,5,26,4,270,180,-9999,320,21,-9999,-9999,-9999
1278,2017,5,26,5,270,180,-9999,330,15,-9999,-9999,-9999
1279,2017,5,26,7,330,160,-9999,50,31,-9999,-9999,-9999
1280,2017,5,26,10,370,60,-9999,70,51,-9999,-9999,-9999
1281,2017,5,26,16,390,20,-9999,70,31,-9999,-9999,-9999
1282,2017,5,26,17,370,40,-9999,70,15,-9999,-9999,-9999
1283,2017,5,26,19,320,80,-9999,70,10,-9999,-9999,-9999
1284,2017,5,26,22,310,50,-9999,150,21,-9999,-9999,-9999
1285,2017,5,26,23,300,40,-9999,140,26,-9999,-9999,-9999
1286,2017,5,27,1,290,90,-9999,0,0,-9999,-9999,-9999
1287,2017,5,27,2,270,80,-9999,70,10,-9999,-9999,-9999
1288,2017,5,27,7,340,50,-9999,10,21,-9999,-9999,-9999
1289,2017,5,27,8,370,20,-9999,10,26,-9999,-9999,-9999
1290,2017,5,27,10,380,-10,-9999,40,57,-9999,-9999,-9999
1291,2017,5,27,11,390,10,-9999,60,41,-9999,-9999,-9999
1292,2017,5,27,13,400,0,-9999,80,10,-9999,-9999,-9999
1293,2017,5,27,14,400,20,-9999,50,10,-9999,-9999,-9999
1294,2017,5,27,16,390,40,-9999,40,15,-9999,-9999,-9999
1295,2017,5,27,20,300,70,-9999,0,0,-9999,-9999,-9999
1296,2017,5,27,22,290,60,-9999,0,0,-9999,-9999,-9999
1297,2017,5,27,23,280,70,-9999,0,0,-9999,-9999,-9999
1298,2017,5,28,1,300,40,-9999,240,21,-9999,-9999,-9999
1299,2017,5,28,2,300,40,-9999,240,31,-9999,-9999,-9999
1300,2017,5,28,4,280,60,-9999,240,15,-9999,-9999,-9999
1301,2017,5,28,5,290,30,-9999,320,10,-9999,-9999,-9999
1302,2017,5,28,13,400,-9999,-9999,60,51,-9999,-9999,-9999
1303,2017,5,28,14,400,40,-9999,80,46,-9999,-9999,-9999
1304,2017,5,28,16,390,10,-9999,60,15,-9999,-9999,-9999
1305,2017,5,28,17,370,10,-9999,50,15,-9999,-9999,-9999
1306,2017,5,28,19,320,10,-9999,50,10,-9999,-9999,-9999
1307,2017,5,28,20,300,90,-9999,50,15,-9999,-9999,-9999
1308,2017,5,29,2,270,180,-9999,0,0,-9999,-9999,-9999
1309,2017,5,29,4,260,180,-9999,0,0,-9999,-9999,-9999
1310,2017,5,29,5,270,180,-9999,190,21,-9999,-9999,-9999
1311,2017,5,29,7,310,180,-9999,200,15,-9999,-9999,-9999
1312,2017,5,29,8,340,170,-9999,230,46,-9999,-9999,-9999
1313,2017,5,29,14,390,140,-9999,0,0,-9999,-9999,-9999
1314,2017,5,29,19,330,160,-9999,120,10,-9999,-9999,-9999
1315,2017,5,29,20,330,160,-9999,170,31,-9999,-9999,-9999
1316,2017,5,30,4,270,180,-9999,200,15,-9999,-9999,-9999
1317,2017,5,30,5,270,140,-9999,200,26,-9999,-9999,-9999
1318,2017,5,30,8,310,160,-9999,240,21,-9999,-9999,-9999
1319,2017,5,30,10,350,160,-9999,250,41,-9999,-9999,-9999
1320,2017,5,30,11,350,160,-9999,230,31,-9999,-9999,-9999
1321,2017,5,30,13,370,150,-9999,200,70,-9999,-9999,-9999
1322,2017,5,30,14,370,150,-9999,190,26,-9999,-9999,-9999
1323,2017,5,30,16,360,160,-9999,210,26,-9999,-9999,-9999
1324,2017,5,30,17,350,150,-9999,300,41,-9999,-9999,-9999
1325,2017,5,31,2,230,180,-9999,110,41,-9999,-9999,-9999
1326,2017,5,31,4,210,210,-9999,270,41,-9999,-9999,-9999
1327,2017,6,6,7,300,160,-9999,180,10,-9999,-9999,-9999
1328,2017,6,6,10,350,160,-9999,180,10,-9999,-9999,-9999
1329,2017,6,6,11,380,120,-9999,50,10,-9999,-9999,-9999
1330,2017,6,6,13,390,120,-9999,0,0,-9999,-9999,-9999
1331,2017,6,6,14,400,120,-9999,80,46,-9999,-9999,-9999
1332,2017,6,6,16,370,130,-9999,110,31,-9999,-9999,-9999
1333,2017,6,6,18,310,170,-9999,0,0,-9999,-9999,-9999
1334,2017,6,6,19,310,170,-9999,0,0,-9999,-9999,-9999
1335,2017,6,6,20,300,180,-9999,0,0,-9999,-9999,-9999
1336,2017,6,6,22,290,170,-9999,0,0,-9999,-9999,-9999
1337,2017,6,7,2,270,190,-9999,220,21,-9999,-9999,-9999
1338,2017,6,7,4,280,170,-9999,270,15,-9999,-9999,-9999
1339,2017,6,7,5,280,170,-9999,250,10,-9999,-9999,-9999
1340,2017,6,7,16,-9999,-9999,-9999,130,15,-9999,-9999,-9999
1341,2017,6,7,19,320,160,-9999,260,15,-9999,-9999,-9999
1342,2017,6,7,20,310,170,-9999,0,0,-9999,-9999,-9999
1343,2017,6,7,22,300,180,-9999,160,31,-9999,-9999,-9999
1344,2017,6,8,2,-9999,-9999,-9999,260,51,-9999,-9999,-9999
1345,2017,6,8,4,280,190,-9999,260,31,-9999,-9999,-9999
1346,2017,6,8,5,280,180,-9999,270,31,-9999,-9999,-9999
1347,2017,6,8,7,310,190,-9999,270,51,-9999,-9999,-9999
1348,2017,6,8,8,330,200,-9999,270,57,-9999,-9999,-9999
1349,2017,6,8,11,360,180,-9999,270,51,-9999,-9999,-9999
1350,2017,6,8,16,330,160,-9999,0,0,-9999,-9999,-9999
1351,2017,6,9,1,280,160,-9999,240,21,-9999,-9999,-9999
1352,2017,6,9,2,270,150,-9999,210,15,-9999,-9999,-9999
1353,2017,6,9,4,270,160,-9999,260,31,-9999,-9999,-9999
1354,2017,6,9,5,270,160,-9999,270,21,-9999,-9999,-9999
1355,2017,6,9,13,400,140,-9999,140,31,-9999,-9999,-9999
1356,2017,6,9,20,320,170,-9999,160,10,-9999,-9999,-9999
1357,2017,6,9,23,300,180,-9999,180,15,-9999,-9999,-9999
1358,2017,6,10,5,290,180,-9999,250,31,-9999,-9999,-9999
1359,2017,6,10,7,330,180,-9999,240,51,-9999,-9999,-9999
1360,2017,6,10,8,340,170,-9999,240,41,-9999,-9999,-9999
1361,2017,6,10,10,370,160,-9999,220,26,-9999,-9999,-9999
1362,2017,6,10,22,270,190,-9999,160,31,-9999,-9999,-9999
1363,2017,6,11,8,290,200,-9999,160,41,-9999,-9999,-9999
1364,2017,6,11,10,300,210,-9999,220,51,-9999,-9999,-9999
1365,2017,6,11,11,310,200,-9999,190,51,-9999,-9999,-9999
1366,2017,6,11,14,330,180,-9999,240,31,-9999,-9999,-9999
1367,2017,6,11,19,290,220,-9999,150,26,-9999,-9999,-9999
1368,2017,6,11,20,290,220,-9999,140,15,-9999,-9999,-9999
1369,2017,6,11,22,280,220,-9999,340,15,-9999,-9999,-9999
1370,2017,6,11,23,270,200,-9999,180,15,-9999,-9999,-9999
1371,2017,6,12,4,270,210,-9999,180,15,-9999,-9999,-9999
1372,2017,6,12,13,370,160,-9999,190,10,-9999,-9999,-9999
1373,2017,6,12,14,370,170,-9999,0,0,-9999,-9999,-9999
1374,2017,6,12,16,350,170,-9999,0,0,-9999,-9999,-9999
1375,2017,6,12,17,340,170,-9999,0,0,-9999,-9999,-9999
1376,2017,6,12,19,310,190,-9999,0,0,-9999,-9999,-9999
1377,2017,6,12,20,310,190,-9999,0,0,-9999,-9999,-9999
1378,2017,6,12,22,300,180,-9999,280,10,-9999,-9999,-9999
1379,2017,6,13,4,270,190,-9999,180,21,-9999,-9999,-9999
1380,2017,6,13,5,270,190,-9999,180,26,-9999,-9999,-9999
1381,2017,6,13,7,280,190,-9999,140,51,-9999,-9999,-9999
1382,2017,6,13,8,290,180,-9999,230,51,-9999,-9999,-9999
1383,2017,6,13,10,320,180,-9999,270,51,-9999,-9999,-9999
1384,2017,6,13,11,330,180,-9999,200,46,-9999,-9999,-9999
1385,2017,6,13,16,350,170,-9999,200,51,-9999,-9999,-9999
1386,2017,6,13,20,310,190,-9999,250,31,-9999,-9999,-9999
1387,2017,6,14,11,390,100,-9999,90,10,-9999,-9999,-9999
1388,2017,6,14,13,400,30,-9999,60,31,-9999,-9999,-9999
1389,2017,6,14,14,400,80,-9999,100,31,-9999,-9999,-9999
1390,2017,6,14,16,380,110,-9999,80,10,-9999,-9999,-9999
1391,2017,6,14,19,320,150,-9999,230,15,-9999,-9999,-9999
1392,2017,6,14,20,310,150,-9999,230,10,-9999,-9999,-9999
1393,2017,6,14,22,300,150,-9999,230,15,-9999,-9999,-9999
1394,2017,6,14,23,290,150,-9999,240,31,-9999,-9999,-9999
1395,2017,6,15,2,280,190,-9999,190,57,-9999,-9999,-9999
1396,2017,6,15,7,290,200,-9999,230,67,-9999,-9999,-9999
1397,2017,6,15,8,300,190,-9999,240,62,-9999,-9999,-9999
1398,2017,6,15,10,330,200,-9999,240,57,-9999,-9999,-9999
1399,2017,6,15,16,350,190,-9999,180,26,-9999,-9999,-9999
1400,2017,6,15,19,310,210,-9999,160,15,-9999,-9999,-9999
1401,2017,6,16,7,290,200,-9999,140,15,-9999,-9999,-9999
1402,2017,6,16,8,300,190,-9999,140,10,-9999,-9999,-9999
1403,2017,6,16,11,360,180,-9999,230,51,-9999,-9999,-9999
1404,2017,6,16,13,360,170,-9999,150,15,-9999,-9999,-9999
1405,2017,6,16,14,360,170,-9999,140,21,-9999,-9999,-9999
1406,2017,6,16,16,350,270,-9999,140,10,-9999,-9999,-9999
1407,2017,6,16,17,390,-9999,-9999,360,82,-9999,-9999,-9999
1408,2017,6,16,19,310,190,-9999,0,0,-9999,-9999,-9999
1409,2017,6,16,20,310,190,-9999,0,0,-9999,-9999,-9999
1410,2017,6,16,22,300,180,-9999,150,10,-9999,-9999,-9999
1411,2017,6,17,2,280,180,-9999,20,10,-9999,-9999,-9999
1412,2017,6,17,4,260,180,-9999,230,10,-9999,-9999,-9999
1413,2017,6,17,5,270,180,-9999,0,0,-9999,-9999,-9999
1414,2017,6,17,7,290,180,-9999,330,21,-9999,-9999,-9999
1415,2017,6,17,8,310,190,-9999,340,15,-9999,-9999,-9999
1416,2017,6,17,10,340,190,-9999,230,15,-9999,-9999,-9999
1417,2017,6,17,13,370,170,-9999,160,10,-9999,-9999,-9999
1418,2017,6,17,14,380,170,-9999,200,15,-9999,-9999,-9999
1419,2017,6,17,16,360,160,-9999,0,0,-9999,-9999,-9999
1420,2017,6,17,19,290,180,-9999,160,21,-9999,-9999,-9999
1421,2017,6,17,20,280,190,-9999,220,51,-9999,-9999,-9999
1422,2017,6,18,5,230,200,-9999,290,72,-9999,-9999,-9999
1423,2017,6,18,8,270,190,-9999,230,21,-9999,-9999,-9999
1424,2017,6,18,10,310,190,-9999,240,41,-9999,-9999,-9999
1425,2017,6,18,14,340,170,-9999,240,36,-9999,-9999,-9999
1426,2017,6,18,16,330,190,-9999,190,26,-9999,-9999,-9999
1427,2017,6,18,20,280,220,-9999,200,21,-9999,-9999,-9999
1428,2017,6,18,22,280,220,-9999,230,31,-9999,-9999,-9999
1429,2017,6,19,2,270,210,-9999,250,51,-9999,-9999,-9999
1430,2017,6,19,4,270,190,-9999,240,46,-9999,-9999,-9999
1431,2017,6,19,5,260,190,-9999,240,31,-9999,-9999,-9999
1432,2017,6,19,7,290,180,-9999,260,36,-9999,-9999,-9999
1433,2017,6,19,8,300,190,-9999,40,36,-9999,-9999,-9999
1434,2017,6,19,13,360,160,-9999,180,26,-9999,-9999,-9999
1435,2017,6,19,19,310,190,-9999,190,31,-9999,-9999,-9999
1436,2017,6,19,20,300,190,-9999,200,26,-9999,-9999,-9999
1437,2017,6,19,22,290,190,-9999,210,21,-9999,-9999,-9999
1438,2017,6,20,5,-9999,-9999,-9999,230,41,-9999,-9999,-9999
1439,2017,6,20,7,300,180,-9999,240,72,-9999,-9999,-9999
1440,2017,6,20,8,310,190,-9999,240,77,-9999,-9999,-9999
1441,2017,6,20,16,220,210,-9999,40,72,-9999,-9999,-9999
1442,2017,6,20,22,210,200,-9999,210,21,-9999,-9999,-9999
1443,2017,6,21,7,240,240,-9999,210,10,-9999,-9999,-9999
1444,2017,6,21,8,250,210,-9999,200,15,-9999,-9999,-9999
1445,2017,6,21,10,280,190,-9999,220,10,-9999,-9999,-9999
1446,2017,6,21,11,290,200,-9999,200,15,-9999,-9999,-9999
1447,2017,6,21,13,310,210,-9999,180,21,-9999,-9999,-9999
1448,2017,6,21,14,310,210,-9999,160,26,-9999,-9999,-9999
1449,2017,6,21,16,310,210,-9999,200,21,-9999,-9999,-9999
1450,2017,6,21,19,280,230,-9999,0,0,-9999,-9999,-9999
1451,2017,6,21,20,270,210,-9999,0,0,-9999,-9999,-9999
1452,2017,6,21,22,270,240,-9999,0,0,-9999,-9999,-9999
1453,2017,6,22,5,260,220,-9999,270,26,-9999,-9999,-9999
1454,2017,6,22,16,340,190,-9999,170,21,-9999,-9999,-9999
1455,2017,6,22,19,300,200,-9999,190,21,-9999,-9999,-9999
1456,2017,6,22,20,290,220,-9999,0,0,-9999,-9999,-9999
1457,2017,6,22,22,280,170,-9999,270,36,-9999,-9999,-9999
1458,2017,6,22,23,250,170,-9999,140,46,-9999,-9999,-9999
1459,2017,6,23,4,250,210,-9999,310,41,-9999,-9999,-9999
1460,2017,6,23,5,250,210,-9999,300,36,-9999,-9999,-9999
1461,2017,6,23,7,300,190,-9999,0,0,-9999,-9999,-9999
1462,2017,6,23,16,220,220,-9999,200,51,-9999,-9999,-9999
1463,2017,6,23,19,240,210,-9999,290,41,-9999,-9999,-9999
1464,2017,6,23,22,240,210,-9999,0,0,-9999,-9999,-9999
1465,2017,6,24,2,230,210,-9999,230,21,-9999,-9999,-9999
1466,2017,6,24,4,230,210,-9999,240,41,-9999,-9999,-9999
1467,2017,6,24,5,230,210,-9999,220,10,-9999,-9999,-9999
1468,2017,6,24,14,260,230,-9999,90,15,-9999,-9999,-9999
1469,2017,6,24,16,260,220,-9999,0,0,-9999,-9999,-9999
1470,2017,6,24,19,250,230,-9999,0,0,-9999,-9999,-9999
1471,2017,6,24,20,250,230,-9999,0,0,-9999,-9999,-9999
1472,2017,6,24,22,240,230,-9999,100,10,-9999,-9999,-9999
1473,2017,6,24,23,240,220,-9999,120,10,-9999,-9999,-9999
1474,2017,6,25,1,250,220,-9999,100,15,-9999,-9999,-9999
1475,2017,6,25,2,250,220,-9999,100,15,-9999,-9999,-9999
1476,2017,6,25,4,240,230,-9999,100,15,-9999,-9999,-9999
1477,2017,6,25,5,240,230,-9999,210,10,-9999,-9999,-9999
1478,2017,6,25,8,280,210,-9999,270,26,-9999,-9999,-9999
1479,2017,6,26,7,290,210,-9999,160,21,-9999,-9999,-9999
1480,2017,6,26,10,320,180,-9999,200,15,-9999,-9999,-9999
1481,2017,6,26,11,340,190,-9999,-9999,-9999,-9999,-9999,-9999
1482,2017,6,26,13,350,170,-9999,70,15,-9999,-9999,-9999
1483,2017,6,26,14,350,170,-9999,-9999,-9999,-9999,-9999,-9999
1484,2017,6,26,16,350,180,-9999,90,36,-9999,-9999,-9999
1485,2017,6,26,17,320,200,-9999,110,15,-9999,-9999,-9999
1486,2017,6,26,19,300,170,-9999,110,15,-9999,-9999,-9999
1487,2017,6,26,20,290,200,-9999,110,15,-9999,-9999,-9999
1488,2017,6,26,22,290,170,-9999,300,15,-9999,-9999,-9999
1489,2017,6,27,4,260,210,-9999,300,10,-9999,-9999,-9999
1490,2017,6,27,5,270,190,-9999,0,0,-9999,-9999,-9999
1491,2017,6,27,7,310,170,-9999,300,15,-9999,-9999,-9999
1492,2017,6,27,11,310,190,-9999,190,15,-9999,-9999,-9999
1493,2017,6,27,13,360,180,-9999,220,26,-9999,-9999,-9999
1494,2017,6,27,14,350,190,-9999,210,10,-9999,-9999,-9999
1495,2017,6,27,16,390,180,-9999,180,36,-9999,-9999,-9999
1496,2017,6,27,17,280,190,-9999,230,5,-9999,-9999,-9999
1497,2017,6,27,19,280,180,-9999,250,21,-9999,-9999,-9999
1498,2017,6,27,20,280,170,-9999,280,15,-9999,-9999,-9999
1499,2017,6,27,22,280,170,-9999,270,21,-9999,-9999,-9999
1500,2017,6,28,1,270,190,-9999,230,21,-9999,-9999,-9999
1501,2017,6,28,2,260,190,-9999,220,36,-9999,-9999,-9999
1502,2017,6,28,4,260,200,-9999,230,26,-9999,-9999,-9999
1503,2017,6,28,5,260,200,-9999,-9999,51,-9999,-9999,-9999
1504,2017,6,28,7,270,190,-9999,270,51,-9999,-9999,-9999
1505,2017,6,28,8,290,200,-9999,270,62,-9999,-9999,-9999
1506,2017,6,28,10,320,180,-9999,240,62,-9999,-9999,-9999
1507,2017,6,28,11,330,180,-9999,230,62,-9999,-9999,-9999
1508,2017,6,28,16,320,180,-9999,240,51,-9999,-9999,-9999
1509,2017,6,29,5,240,210,-9999,200,10,-9999,-9999,-9999
1510,2017,6,29,11,340,160,-9999,270,26,-9999,-9999,-9999
1511,2017,6,29,13,360,140,-9999,270,21,-9999,-9999,-9999
1512,2017,6,29,14,370,130,-9999,250,10,-9999,-9999,-9999
1513,2017,6,29,16,350,150,-9999,180,21,-9999,-9999,-9999
1514,2017,6,29,20,290,180,-9999,200,31,-9999,-9999,-9999
1515,2017,6,29,22,280,180,-9999,200,15,-9999,-9999,-9999
1516,2017,6,29,23,280,180,-9999,220,36,-9999,-9999,-9999
1517,2017,6,30,10,360,170,-9999,0,0,-9999,-9999,-9999
1518,2017,7,1,7,300,210,-9999,260,51,-9999,-9999,-9999
1519,2017,7,1,8,310,210,-9999,240,51,-9999,-9999,-9999
1520,2017,7,1,10,320,200,-9999,230,93,-9999,-9999,-9999
1521,2017,7,1,11,340,190,-9999,240,51,-9999,-9999,-9999
1522,2017,7,1,13,350,210,-9999,230,21,-9999,-9999,-9999
1523,2017,7,1,14,350,200,-9999,200,46,-9999,-9999,-9999
1524,2017,7,1,16,340,190,-9999,210,46,-9999,-9999,-9999
1525,2017,7,1,17,270,190,-9999,200,93,-9999,-9999,-9999
1526,2017,7,1,19,270,180,-9999,280,57,-9999,-9999,-9999
1527,2017,7,1,20,250,210,-9999,250,62,-9999,-9999,-9999
1528,2017,7,1,22,240,190,-9999,270,41,-9999,-9999,-9999
1529,2017,7,2,5,230,200,-9999,270,41,-9999,-9999,-9999
1530,2017,7,2,8,280,190,-9999,270,51,-9999,-9999,-9999
1531,2017,7,2,11,310,190,-9999,240,62,-9999,-9999,-9999
1532,2017,7,2,13,330,180,-9999,240,57,-9999,-9999,-9999
1533,2017,7,2,14,320,200,-9999,230,57,-9999,-9999,-9999
1534,2017,7,2,16,300,200,-9999,240,51,-9999,-9999,-9999
1535,2017,7,2,17,290,200,-9999,280,51,-9999,-9999,-9999
1536,2017,7,2,19,280,170,-9999,260,26,-9999,-9999,-9999
1537,2017,7,2,20,260,170,-9999,240,15,-9999,-9999,-9999
1538,2017,7,2,22,260,190,-9999,240,31,-9999,-9999,-9999
1539,2017,7,2,23,250,190,-9999,250,31,-9999,-9999,-9999
1540,2017,7,3,2,240,200,-9999,300,21,-9999,-9999,-9999
1541,2017,7,3,4,230,200,-9999,260,15,-9999,-9999,-9999
1542,2017,7,3,5,240,210,-9999,210,10,-9999,-9999,-9999
1543,2017,7,3,7,250,-9999,-9999,230,10,-9999,-9999,-9999
1544,2017,7,3,10,320,180,-9999,270,31,-9999,-9999,-9999
1545,2017,7,3,20,300,190,-9999,270,26,-9999,-9999,-9999
1546,2017,7,4,5,270,190,-9999,250,41,-9999,-9999,-9999
1547,2017,7,4,11,330,180,-9999,180,21,-9999,-9999,-9999
1548,2017,7,4,13,350,170,-9999,180,21,-9999,-9999,-9999
1549,2017,7,4,14,360,180,-9999,160,46,-9999,-9999,-9999
1550,2017,7,4,16,350,190,-9999,170,26,-9999,-9999,-9999
1551,2017,7,4,17,330,180,-9999,180,26,-9999,-9999,-9999
1552,2017,7,4,20,290,200,-9999,170,41,-9999,-9999,-9999
1553,2017,7,4,23,280,220,-9999,210,21,-9999,-9999,-9999
1554,2017,7,5,4,250,220,-9999,200,15,-9999,-9999,-9999
1555,2017,7,5,5,260,220,-9999,200,10,-9999,-9999,-9999
1556,2017,7,5,7,280,230,-9999,210,41,-9999,-9999,-9999
1557,2017,7,5,8,290,220,-9999,230,41,-9999,-9999,-9999
1558,2017,7,5,10,310,210,-9999,210,46,-9999,-9999,-9999
1559,2017,7,6,1,220,210,-9999,260,31,-9999,-9999,-9999
1560,2017,7,6,2,210,210,-9999,240,36,-9999,-9999,-9999
1561,2017,7,6,7,240,210,-9999,240,10,-9999,-9999,-9999
1562,2017,7,6,8,250,210,-9999,210,10,-9999,-9999,-9999
1563,2017,7,6,10,290,220,-9999,0,0,-9999,-9999,-9999
1564,2017,7,6,11,300,210,-9999,0,0,-9999,-9999,-9999
1565,2017,7,6,13,310,210,-9999,200,15,-9999,-9999,-9999
1566,2017,7,6,14,320,200,-9999,-9999,-9999,-9999,-9999,-9999
1567,2017,7,6,16,310,200,-9999,180,26,-9999,-9999,-9999
1568,2017,7,6,17,290,200,-9999,180,21,-9999,-9999,-9999
1569,2017,7,6,19,270,230,-9999,180,10,-9999,-9999,-9999
1570,2017,7,6,20,270,230,-9999,200,21,-9999,-9999,-9999
1571,2017,7,7,5,240,220,-9999,230,31,-9999,-9999,-9999
1572,2017,7,7,7,270,-9999,-9999,250,51,-9999,-9999,-9999
1573,2017,7,7,11,320,220,-9999,270,62,-9999,-9999,-9999
1574,2017,7,7,14,310,220,-9999,220,51,-9999,-9999,-9999
1575,2017,7,7,16,300,230,-9999,220,46,-9999,-9999,-9999
1576,2017,7,7,17,280,240,-9999,270,51,-9999,-9999,-9999
1577,2017,7,7,19,240,200,-9999,230,82,-9999,-9999,-9999
1578,2017,7,7,20,250,210,-9999,270,21,-9999,-9999,-9999
1579,2017,7,8,1,230,210,-9999,270,21,-9999,-9999,-9999
1580,2017,7,8,4,230,210,-9999,270,41,-9999,-9999,-9999
1581,2017,7,8,5,240,210,-9999,250,21,-9999,-9999,-9999
1582,2017,7,8,7,260,220,-9999,230,31,-9999,-9999,-9999
1583,2017,7,8,8,260,240,-9999,240,31,-9999,-9999,-9999
1584,2017,7,8,13,310,210,-9999,260,31,-9999,-9999,-9999
1585,2017,7,8,16,270,210,-9999,250,46,-9999,-9999,-9999
1586,2017,7,8,19,260,200,-9999,250,15,-9999,-9999,-9999
1587,2017,7,8,22,250,210,-9999,260,21,-9999,-9999,-9999
1588,2017,7,9,4,250,220,-9999,0,0,-9999,-9999,-9999
1589,2017,7,9,5,250,230,-9999,270,15,-9999,-9999,-9999
1590,2017,7,9,11,310,190,-9999,270,46,-9999,-9999,-9999
1591,2017,7,9,13,310,190,-9999,240,21,-9999,-9999,-9999
1592,2017,7,9,19,220,210,-9999,200,70,-9999,-9999,-9999
1593,2017,7,9,20,220,210,-9999,180,21,-9999,-9999,-9999
1594,2017,7,9,22,220,200,-9999,190,15,-9999,-9999,-9999
1595,2017,7,9,23,210,210,-9999,220,10,-9999,-9999,-9999
1596,2017,7,10,2,210,200,-9999,280,10,-9999,-9999,-9999
1597,2017,7,10,4,220,210,-9999,170,10,-9999,-9999,-9999
1598,2017,7,10,5,220,210,-9999,0,0,-9999,-9999,-9999
1599,2017,7,10,8,240,200,-9999,180,10,-9999,-9999,-9999
1600,2017,7,10,10,250,210,-9999,200,21,-9999,-9999,-9999
1601,2017,7,10,11,260,220,-9999,240,31,-9999,-9999,-9999
1602,2017,7,11,7,250,210,-9999,0,0,-9999,-9999,-9999
1603,2017,7,11,8,270,210,-9999,0,0,-9999,-9999,-9999
1604,2017,7,11,10,310,210,-9999,70,10,-9999,-9999,-9999
1605,2017,7,11,11,320,200,-9999,70,10,-9999,-9999,-9999
1606,2017,7,11,13,330,190,-9999,100,10,-9999,-9999,-9999
1607,2017,7,11,14,320,180,-9999,360,10,-9999,-9999,-9999
1608,2017,7,11,16,320,190,-9999,0,0,-9999,-9999,-9999
1609,2017,7,11,17,300,200,-9999,170,21,-9999,-9999,-9999
1610,2017,7,11,19,280,210,-9999,170,15,-9999,-9999,-9999
1611,2017,7,11,20,280,210,-9999,210,31,-9999,-9999,-9999
1612,2017,7,11,22,270,220,-9999,200,21,-9999,-9999,-9999
1613,2017,7,11,23,260,210,-9999,250,21,-9999,-9999,-9999
1614,2017,7,12,4,240,210,-9999,230,10,-9999,-9999,-9999
1615,2017,7,12,5,240,210,-9999,220,21,-9999,-9999,-9999
1616,2017,7,12,11,330,190,-9999,240,21,-9999,-9999,-9999
1617,2017,7,12,13,340,190,-9999,230,21,-9999,-9999,-9999
1618,2017,7,12,14,330,200,-9999,220,26,-9999,-9999,-9999
1619,2017,7,12,16,310,210,-9999,200,31,-9999,-9999,-9999
1620,2017,7,12,17,300,220,-9999,220,10,-9999,-9999,-9999
1621,2017,7,12,19,280,230,-9999,210,15,-9999,-9999,-9999
1622,2017,7,12,20,270,230,-9999,210,15,-9999,-9999,-9999
1623,2017,7,13,1,260,210,-9999,0,0,-9999,-9999,-9999
1624,2017,7,13,2,260,210,-9999,0,0,-9999,-9999,-9999
1625,2017,7,13,4,250,220,-9999,200,21,-9999,-9999,-9999
1626,2017,7,13,5,250,210,-9999,240,31,-9999,-9999,-9999
1627,2017,7,13,7,270,190,-9999,220,31,-9999,-9999,-9999
1628,2017,7,13,8,270,200,-9999,240,31,-9999,-9999,-9999
1629,2017,7,13,10,290,200,-9999,230,36,-9999,-9999,-9999
1630,2017,7,13,11,300,190,-9999,260,41,-9999,-9999,-9999
1631,2017,7,13,13,310,210,-9999,220,51,-9999,-9999,-9999
1632,2017,7,13,14,310,210,-9999,230,36,-9999,-9999,-9999
1633,2017,7,13,17,300,200,-9999,200,21,-9999,-9999,-9999
1634,2017,7,13,19,280,220,-9999,200,10,-9999,-9999,-9999
1635,2017,7,13,20,270,230,-9999,200,10,-9999,-9999,-9999
1636,2017,7,13,22,260,230,-9999,0,0,-9999,-9999,-9999
1637,2017,7,13,23,260,220,-9999,0,0,-9999,-9999,-9999
1638,2017,7,14,1,240,210,-9999,200,10,-9999,-9999,-9999
1639,2017,7,14,2,240,220,-9999,220,21,-9999,-9999,-9999
1640,2017,7,14,4,240,210,-9999,220,26,-9999,-9999,-9999
1641,2017,7,14,5,240,190,-9999,230,15,-9999,-9999,-9999
1642,2017,7,14,14,340,200,-9999,170,51,-9999,-9999,-9999
1643,2017,7,14,16,320,200,-9999,-9999,-9999,-9999,-9999,-9999
1644,2017,7,14,19,300,220,-9999,190,15,-9999,-9999,-9999
1645,2017,7,14,22,280,210,-9999,0,0,-9999,-9999,-9999
1646,2017,7,15,4,240,190,-9999,260,31,-9999,-9999,-9999
1647,2017,7,15,7,370,-9999,-9999,240,26,-9999,-9999,-9999
1648,2017,7,15,8,300,190,-9999,270,21,-9999,-9999,-9999
1649,2017,7,15,10,330,180,-9999,240,15,-9999,-9999,-9999
1650,2017,7,16,8,280,200,-9999,0,0,-9999,-9999,-9999
1651,2017,7,17,1,240,210,-9999,250,15,-9999,-9999,-9999
1652,2017,7,17,4,240,210,-9999,200,15,-9999,-9999,-9999
1653,2017,7,17,5,240,210,-9999,230,10,-9999,-9999,-9999
1654,2017,7,17,13,340,200,-9999,170,31,-9999,-9999,-9999
1655,2017,7,17,16,310,200,-9999,160,31,-9999,-9999,-9999
1656,2017,7,17,17,300,200,-9999,130,36,-9999,-9999,-9999
1657,2017,7,17,19,270,210,-9999,120,15,-9999,-9999,-9999
1658,2017,7,18,7,270,190,-9999,260,41,-9999,-9999,-9999
1659,2017,7,18,8,280,200,-9999,270,31,-9999,-9999,-9999
1660,2017,7,18,13,340,190,-9999,180,21,-9999,-9999,-9999
1661,2017,7,18,14,390,190,-9999,160,26,-9999,-9999,-9999
1662,2017,7,18,16,300,180,-9999,290,31,-9999,-9999,-9999
1663,2017,7,18,17,270,180,-9999,320,51,-9999,-9999,-9999
1664,2017,7,18,22,260,190,-9999,0,0,-9999,-9999,-9999
1665,2017,7,19,13,360,200,-9999,140,15,-9999,-9999,-9999
1666,2017,7,19,14,370,170,-9999,200,10,-9999,-9999,-9999
1667,2017,7,19,16,360,180,-9999,140,21,-9999,-9999,-9999
1668,2017,7,19,20,310,190,-9999,220,10,-9999,-9999,-9999
1669,2017,7,19,22,300,170,-9999,230,21,-9999,-9999,-9999
1670,2017,7,19,23,300,180,-9999,270,21,-9999,-9999,-9999
1671,2017,7,20,2,280,200,-9999,250,21,-9999,-9999,-9999
1672,2017,7,20,7,290,190,-9999,250,26,-9999,-9999,-9999
1673,2017,7,20,8,310,190,-9999,190,31,-9999,-9999,-9999
1674,2017,7,20,22,230,200,-9999,250,36,-9999,-9999,-9999
1675,2017,7,20,23,230,190,-9999,260,26,-9999,-9999,-9999
1676,2017,7,21,7,260,180,-9999,240,41,-9999,-9999,-9999
1677,2017,7,21,8,300,180,-9999,250,21,-9999,-9999,-9999
1678,2017,7,21,10,330,170,-9999,240,41,-9999,-9999,-9999
1679,2017,7,21,11,350,170,-9999,210,10,-9999,-9999,-9999
1680,2017,7,21,13,360,160,-9999,190,10,-9999,-9999,-9999
1681,2017,7,21,14,360,170,-9999,230,10,-9999,-9999,-9999
1682,2017,7,21,17,-9999,-9999,-9999,200,10,-9999,-9999,-9999
1683,2017,7,21,19,300,180,-9999,250,21,-9999,-9999,-9999
1684,2017,7,21,20,300,180,-9999,240,10,-9999,-9999,-9999
1685,2017,7,21,22,280,180,-9999,220,10,-9999,-9999,-9999
1686,2017,7,22,2,240,190,-9999,0,0,-9999,-9999,-9999
1687,2017,7,22,4,230,180,-9999,230,10,-9999,-9999,-9999
1688,2017,7,22,5,230,180,-9999,0,0,-9999,-9999,-9999
1689,2017,7,22,8,300,160,-9999,240,31,-9999,-9999,-9999
1690,2017,7,22,14,380,170,-9999,0,0,-9999,-9999,-9999
1691,2017,7,22,16,370,150,-9999,130,15,-9999,-9999,-9999
1692,2017,7,22,17,350,180,-9999,130,15,-9999,-9999,-9999
1693,2017,7,22,19,300,200,-9999,230,21,-9999,-9999,-9999
1694,2017,7,22,20,290,180,-9999,250,10,-9999,-9999,-9999
1695,2017,7,23,1,270,170,-9999,220,31,-9999,-9999,-9999
1696,2017,7,23,4,260,180,-9999,270,26,-9999,-9999,-9999
1697,2017,7,23,5,260,220,-9999,250,41,-9999,-9999,-9999
1698,2017,7,23,7,300,200,-9999,270,21,-9999,-9999,-9999
1699,2017,7,23,8,320,200,-9999,250,15,-9999,-9999,-9999
1700,2017,7,23,11,370,170,-9999,0,0,-9999,-9999,-9999
1701,2017,7,23,16,290,210,-9999,0,0,-9999,-9999,-9999
1702,2017,7,23,22,260,200,-9999,280,21,-9999,-9999,-9999
1703,2017,7,23,23,260,200,-9999,0,0,-9999,-9999,-9999
1704,2017,7,24,4,230,210,-9999,0,0,-9999,-9999,-9999
1705,2017,7,24,5,240,210,-9999,0,0,-9999,-9999,-9999
1706,2017,7,24,14,270,200,-9999,250,21,-9999,-9999,-9999
1707,2017,7,24,16,270,190,-9999,0,0,-9999,-9999,-9999
1708,2017,7,24,17,260,210,-9999,250,10,-9999,-9999,-9999
1709,2017,7,24,19,250,210,-9999,250,10,-9999,-9999,-9999
1710,2017,7,24,20,250,210,-9999,250,31,-9999,-9999,-9999
1711,2017,7,25,1,240,220,-9999,0,0,-9999,-9999,-9999
1712,2017,7,25,2,230,210,-9999,0,0,-9999,-9999,-9999
1713,2017,7,25,4,230,210,-9999,220,10,-9999,-9999,-9999
1714,2017,7,25,5,230,210,-9999,230,10,-9999,-9999,-9999
1715,2017,7,25,7,240,190,-9999,240,26,-9999,-9999,-9999
1716,2017,7,25,8,260,200,-9999,260,41,-9999,-9999,-9999
1717,2017,7,25,10,290,200,-9999,270,46,-9999,-9999,-9999
1718,2017,7,26,7,270,210,-9999,250,36,-9999,-9999,-9999
1719,2017,7,26,8,290,200,-9999,270,21,-9999,-9999,-9999
1720,2017,7,26,10,320,180,-9999,360,46,-9999,-9999,-9999
1721,2017,7,26,11,330,170,-9999,260,31,-9999,-9999,-9999
1722,2017,7,26,13,350,190,-9999,230,26,-9999,-9999,-9999
1723,2017,7,26,14,350,190,-9999,200,15,-9999,-9999,-9999
1724,2017,7,26,16,300,200,-9999,270,62,-9999,-9999,-9999
1725,2017,7,26,19,270,190,-9999,280,31,-9999,-9999,-9999
1726,2017,7,26,20,270,200,-9999,250,15,-9999,-9999,-9999
1727,2017,7,26,23,260,190,-9999,0,0,-9999,-9999,-9999
1728,2017,7,27,1,250,210,-9999,0,0,-9999,-9999,-9999
1729,2017,7,27,4,240,200,-9999,250,31,-9999,-9999,-9999
1730,2017,7,27,5,250,190,-9999,240,21,-9999,-9999,-9999
1731,2017,7,27,7,270,190,-9999,260,26,-9999,-9999,-9999
1732,2017,7,27,8,300,180,-9999,260,26,-9999,-9999,-9999
1733,2017,7,27,10,330,190,-9999,240,15,-9999,-9999,-9999
1734,2017,7,27,11,330,180,-9999,230,15,-9999,-9999,-9999
1735,2017,7,27,13,350,170,-9999,130,21,-9999,-9999,-9999
1736,2017,7,27,14,350,180,-9999,150,15,-9999,-9999,-9999
1737,2017,7,27,17,250,190,-9999,240,62,-9999,-9999,-9999
1738,2017,7,27,20,240,190,-9999,180,26,-9999,-9999,-9999
1739,2017,7,28,1,230,210,-9999,270,21,-9999,-9999,-9999
1740,2017,7,28,2,230,210,-9999,270,21,-9999,-9999,-9999
1741,2017,7,28,5,230,220,-9999,220,31,-9999,-9999,-9999
1742,2017,7,28,8,280,210,-9999,220,36,-9999,-9999,-9999
1743,2017,7,28,10,290,210,-9999,180,21,-9999,-9999,-9999
1744,2017,7,28,17,300,80,-9999,130,21,-9999,-9999,-9999
1745,2017,7,28,23,240,210,-9999,0,0,-9999,-9999,-9999
1746,2017,7,29,1,240,180,-9999,140,10,-9999,-9999,-9999
1747,2017,7,29,11,320,200,-9999,220,21,-9999,-9999,-9999
1748,2017,7,29,13,360,200,-9999,200,15,-9999,-9999,-9999
1749,2017,7,29,14,360,200,-9999,0,0,-9999,-9999,-9999
1750,2017,7,29,17,340,190,-9999,70,15,-9999,-9999,-9999
1751,2017,7,29,19,320,200,-9999,0,0,-9999,-9999,-9999
1752,2017,7,29,20,300,210,-9999,0,0,-9999,-9999,-9999
1753,2017,7,29,22,290,200,-9999,90,15,-9999,-9999,-9999
1754,2017,7,29,23,280,190,-9999,0,0,-9999,-9999,-9999
1755,2017,7,30,1,270,200,-9999,270,36,-9999,-9999,-9999
1756,2017,7,30,4,260,200,-9999,250,21,-9999,-9999,-9999
1757,2017,7,30,5,260,200,-9999,270,51,-9999,-9999,-9999
1758,2017,7,30,7,280,210,-9999,250,51,-9999,-9999,-9999
1759,2017,7,30,8,290,210,-9999,260,46,-9999,-9999,-9999
1760,2017,7,30,10,330,190,-9999,250,31,-9999,-9999,-9999
1761,2017,7,31,7,230,180,-9999,260,15,-9999,-9999,-9999
1762,2017,7,31,8,240,190,-9999,270,21,-9999,-9999,-9999
1763,2017,7,31,10,260,180,-9999,280,36,-9999,-9999,-9999
1764,2017,7,31,11,260,200,-9999,280,31,-9999,-9999,-9999
1765,2017,7,31,13,300,190,-9999,270,21,-9999,-9999,-9999
1766,2017,7,31,14,300,200,-9999,180,31,-9999,-9999,-9999
1767,2017,7,31,16,280,230,-9999,180,31,-9999,-9999,-9999
1768,2017,7,31,17,270,230,-9999,180,31,-9999,-9999,-9999
1769,2017,7,31,23,230,200,-9999,0,0,-9999,-9999,-9999
1770,2017,8,1,1,230,210,-9999,0,0,-9999,-9999,-9999
1771,2017,8,1,2,240,220,-9999,0,0,-9999,-9999,-9999
1772,2017,8,1,4,230,220,-9999,0,0,-9999,-9999,-9999
1773,2017,8,1,5,240,220,-9999,140,10,-9999,-9999,-9999
1774,2017,8,1,8,270,220,-9999,230,15,-9999,-9999,-9999
1775,2017,8,1,10,270,210,-9999,230,10,-9999,-9999,-9999
1776,2017,8,1,11,280,230,-9999,250,21,-9999,-9999,-9999
1777,2017,8,1,13,280,220,-9999,240,21,-9999,-9999,-9999
1778,2017,8,1,14,250,230,-9999,260,10,-9999,-9999,-9999
1779,2017,8,1,16,280,230,-9999,0,0,-9999,-9999,-9999
1780,2017,8,1,17,270,230,-9999,0,0,-9999,-9999,-9999
1781,2017,8,1,19,260,230,-9999,240,10,-9999,-9999,-9999
1782,2017,8,2,1,240,230,-9999,0,0,-9999,-9999,-9999
1783,2017,8,2,5,240,230,-9999,0,0,-9999,-9999,-9999
1784,2017,8,2,8,270,230,-9999,220,31,-9999,-9999,-9999
1785,2017,8,2,11,300,210,-9999,200,36,-9999,-9999,-9999
1786,2017,8,2,13,320,220,-9999,200,36,-9999,-9999,-9999
1787,2017,8,2,14,320,210,-9999,180,57,-9999,-9999,-9999
1788,2017,8,2,16,260,200,-9999,290,51,-9999,-9999,-9999
1789,2017,8,2,17,260,210,-9999,290,21,-9999,-9999,-9999
1790,2017,8,2,19,250,200,-9999,290,21,-9999,-9999,-9999
1791,2017,8,2,20,240,200,-9999,0,0,-9999,-9999,-9999
1792,2017,8,2,22,240,200,-9999,0,0,-9999,-9999,-9999
1793,2017,8,3,1,230,200,-9999,310,21,-9999,-9999,-9999
1794,2017,8,3,5,230,210,-9999,0,0,-9999,-9999,-9999
1795,2017,8,3,16,310,210,-9999,-9999,-9999,-9999,-9999,-9999
1796,2017,8,3,17,300,220,-9999,160,10,-9999,-9999,-9999
1797,2017,8,3,20,270,230,-9999,160,10,-9999,-9999,-9999
1798,2017,8,3,23,260,230,-9999,210,26,-9999,-9999,-9999
1799,2017,8,4,1,250,210,-9999,260,26,-9999,-9999,-9999
1800,2017,8,4,7,250,200,-9999,240,51,-9999,-9999,-9999
1801,2017,8,4,10,310,200,-9999,250,15,-9999,-9999,-9999
1802,2017,8,5,8,270,190,-9999,0,0,-9999,-9999,-9999
1803,2017,8,5,10,300,180,-9999,300,10,-9999,-9999,-9999
1804,2017,8,5,11,310,180,-9999,0,0,-9999,-9999,-9999
1805,2017,8,5,13,320,180,-9999,240,10,-9999,-9999,-9999
1806,2017,8,5,17,310,170,-9999,0,0,-9999,-9999,-9999
1807,2017,8,5,20,290,210,-9999,0,0,-9999,-9999,-9999
1808,2017,8,6,2,250,170,-9999,250,10,-9999,-9999,-9999
1809,2017,8,6,4,250,210,-9999,260,10,-9999,-9999,-9999
1810,2017,8,6,5,250,210,-9999,0,0,-9999,-9999,-9999
1811,2017,8,6,7,280,210,-9999,230,21,-9999,-9999,-9999
1812,2017,8,6,13,350,170,-9999,180,36,-9999,-9999,-9999
1813,2017,8,6,16,340,180,-9999,280,41,-9999,-9999,-9999
1814,2017,8,6,19,90,90,-9999,-9999,-9999,-9999,-9999,-9999
1815,2017,8,6,20,-9999,-9999,-9999,220,57,-9999,-9999,-9999
1816,2017,8,7,1,230,210,-9999,290,26,-9999,-9999,-9999
1817,2017,8,7,2,220,210,-9999,270,31,-9999,-9999,-9999
1818,2017,8,7,4,220,210,-9999,250,41,-9999,-9999,-9999
1819,2017,8,7,5,-9999,90,-9999,200,31,-9999,-9999,-9999
1820,2017,8,7,7,230,190,-9999,220,31,-9999,-9999,-9999
1821,2017,8,7,8,240,190,-9999,-9999,-9999,-9999,-9999,-9999
1822,2017,8,7,14,300,200,-9999,250,36,-9999,-9999,-9999
1823,2017,8,7,17,270,230,-9999,220,15,-9999,-9999,-9999
1824,2017,8,7,19,260,220,-9999,220,10,-9999,-9999,-9999
1825,2017,8,7,20,250,220,-9999,220,10,-9999,-9999,-9999
1826,2017,8,8,5,240,230,-9999,230,15,-9999,-9999,-9999
1827,2017,8,8,13,-9999,-9999,-9999,210,21,-9999,-9999,-9999
1828,2017,8,8,14,330,210,-9999,200,31,-9999,-9999,-9999
1829,2017,8,8,19,250,190,-9999,250,31,-9999,-9999,-9999
1830,2017,8,8,22,250,200,-9999,180,10,-9999,-9999,-9999
1831,2017,8,9,4,220,210,-9999,240,10,-9999,-9999,-9999
1832,2017,8,9,5,230,210,-9999,270,21,-9999,-9999,-9999
1833,2017,8,9,7,270,210,-9999,200,21,-9999,-9999,-9999
1834,2017,8,9,8,290,220,-9999,190,15,-9999,-9999,-9999
1835,2017,8,9,10,330,210,-9999,0,0,-9999,-9999,-9999
1836,2017,8,9,22,270,210,-9999,0,0,-9999,-9999,-9999
1837,2017,8,10,7,270,230,-9999,150,21,-9999,-9999,-9999
1838,2017,8,10,8,200,190,-9999,0,0,-9999,-9999,-9999
1839,2017,8,10,10,220,210,-9999,250,21,-9999,-9999,-9999
1840,2017,8,10,11,250,220,-9999,260,15,-9999,-9999,-9999
1841,2017,8,10,13,290,220,-9999,270,21,-9999,-9999,-9999
1842,2017,8,10,14,290,210,-9999,220,21,-9999,-9999,-9999
1843,2017,8,10,16,290,210,-9999,180,21,-9999,-9999,-9999
1844,2017,8,10,17,280,220,-9999,180,21,-9999,-9999,-9999
1845,2017,8,10,19,270,220,-9999,220,21,-9999,-9999,-9999
1846,2017,8,10,20,-9999,-9999,-9999,200,21,-9999,-9999,-9999
1847,2017,8,10,23,240,210,-9999,200,21,-9999,-9999,-9999
1848,2017,8,11,1,230,200,-9999,220,21,-9999,-9999,-9999
1849,2017,8,11,4,230,210,-9999,230,21,-9999,-9999,-9999
1850,2017,8,11,5,230,220,-9999,0,0,-9999,-9999,-9999
1851,2017,8,11,7,250,220,-9999,270,21,-9999,-9999,-9999
1852,2017,8,11,8,250,220,-9999,210,46,-9999,-9999,-9999
1853,2017,8,11,10,250,200,-9999,240,41,-9999,-9999,-9999
1854,2017,8,11,13,290,200,-9999,240,31,-9999,-9999,-9999
1855,2017,8,11,14,290,180,-9999,240,31,-9999,-9999,-9999
1856,2017,8,11,16,280,200,-9999,210,15,-9999,-9999,-9999
1857,2017,8,11,19,240,220,-9999,220,26,-9999,-9999,-9999
1858,2017,8,11,20,230,210,-9999,250,31,-9999,-9999,-9999
1859,2017,8,11,22,230,200,-9999,240,31,-9999,-9999,-9999
1860,2017,8,12,4,230,210,-9999,260,57,-9999,-9999,-9999
1861,2017,8,12,5,230,210,-9999,-9999,-9999,-9999,-9999,-9999
1862,2017,8,12,7,210,190,-9999,180,50,-9999,-9999,-9999
1863,2017,8,12,8,200,200,-9999,210,15,-9999,-9999,-9999
1864,2017,8,12,11,-9999,110,-9999,10,57,-9999,-9999,-9999
1865,2017,8,12,13,-9999,-9999,-9999,230,26,-9999,-9999,-9999
1866,2017,8,12,14,240,210,-9999,220,21,-9999,-9999,-9999
1867,2017,8,12,17,240,210,-9999,210,10,-9999,-9999,-9999
1868,2017,8,12,20,220,210,-9999,200,10,-9999,-9999,-9999
1869,2017,8,12,22,210,210,-9999,210,21,-9999,-9999,-9999
1870,2017,8,12,23,210,210,-9999,210,31,-9999,-9999,-9999
1871,2017,8,13,1,200,200,-9999,200,10,-9999,-9999,-9999
1872,2017,8,13,2,200,190,-9999,200,21,-9999,-9999,-9999
1873,2017,8,13,4,210,210,-9999,220,31,-9999,-9999,-9999
1874,2017,8,13,5,210,200,-9999,230,60,-9999,-9999,-9999
1875,2017,8,13,11,270,210,-9999,200,41,-9999,-9999,-9999
1876,2017,8,13,14,290,230,-9999,180,26,-9999,-9999,-9999
1877,2017,8,13,16,280,230,-9999,180,15,-9999,-9999,-9999
1878,2017,8,13,17,270,230,-9999,180,15,-9999,-9999,-9999
1879,2017,8,13,19,250,240,-9999,180,10,-9999,-9999,-9999
1880,2017,8,13,20,250,240,-9999,0,0,-9999,-9999,-9999
1881,2017,8,13,22,250,240,-9999,180,10,-9999,-9999,-9999
1882,2017,8,14,1,240,230,-9999,180,21,-9999,-9999,-9999
1883,2017,8,14,2,230,230,-9999,180,21,-9999,-9999,-9999
1884,2017,8,14,4,240,220,-9999,180,10,-9999,-9999,-9999
1885,2017,8,14,5,240,230,-9999,180,15,-9999,-9999,-9999
1886,2017,8,14,7,250,230,-9999,240,15,-9999,-9999,-9999
1887,2017,8,14,8,270,230,-9999,0,0,-9999,-9999,-9999
1888,2017,8,14,10,290,220,-9999,210,10,-9999,-9999,-9999
1889,2017,8,15,7,270,230,-9999,-9999,-9999,-9999,-9999,-9999
1890,2017,8,15,10,310,220,-9999,140,26,-9999,-9999,-9999
1891,2017,8,15,11,310,220,-9999,-9999,-9999,-9999,-9999,-9999
1892,2017,8,15,22,260,210,-9999,260,41,-9999,-9999,-9999
1893,2017,8,16,4,210,210,-9999,-9999,-9999,-9999,-9999,-9999
1894,2017,8,16,5,220,220,-9999,270,21,-9999,-9999,-9999
1895,2017,8,16,7,230,200,-9999,0,0,-9999,-9999,-9999
1896,2017,8,16,8,240,210,-9999,10,15,-9999,-9999,-9999
1897,2017,8,16,10,250,210,-9999,330,10,-9999,-9999,-9999
1898,2017,8,16,11,260,220,-9999,340,5,-9999,-9999,-9999
1899,2017,8,16,13,230,230,-9999,180,41,-9999,-9999,-9999
1900,2017,8,16,14,240,230,-9999,-9999,-9999,-9999,-9999,-9999
1901,2017,8,16,17,240,210,-9999,290,10,-9999,-9999,-9999
1902,2017,8,16,22,220,210,-9999,160,10,-9999,-9999,-9999
1903,2017,8,17,2,220,210,-9999,180,15,-9999,-9999,-9999
1904,2017,8,17,4,220,220,-9999,210,21,-9999,-9999,-9999
1905,2017,8,17,5,220,210,-9999,210,40,-9999,-9999,-9999
1906,2017,8,17,7,250,220,-9999,210,31,-9999,-9999,-9999
1907,2017,8,17,8,250,210,-9999,190,15,-9999,-9999,-9999
1908,2017,8,17,10,270,210,-9999,200,21,-9999,-9999,-9999
1909,2017,8,17,13,300,190,-9999,230,21,-9999,-9999,-9999
1910,2017,8,17,16,290,210,-9999,0,0,-9999,-9999,-9999
1911,2017,8,17,17,280,210,-9999,210,10,-9999,-9999,-9999
1912,2017,8,17,19,260,230,-9999,0,0,-9999,-9999,-9999
1913,2017,8,17,20,260,230,-9999,210,15,-9999,-9999,-9999
1914,2017,8,17,22,250,230,-9999,200,36,-9999,-9999,-9999
1915,2017,8,18,1,240,230,-9999,210,15,-9999,-9999,-9999
1916,2017,8,18,2,240,230,-9999,210,15,-9999,-9999,-9999
1917,2017,8,18,4,240,220,-9999,230,15,-9999,-9999,-9999
1918,2017,8,18,11,320,210,-9999,240,21,-9999,-9999,-9999
1919,2017,8,18,13,320,200,-9999,200,21,-9999,-9999,-9999
1920,2017,8,18,14,320,220,-9999,200,26,-9999,-9999,-9999
1921,2017,8,18,16,310,210,-9999,200,15,-9999,-9999,-9999
1922,2017,8,18,17,210,-9999,-9999,200,15,-9999,-9999,-9999
1923,2017,8,18,19,270,200,-9999,340,15,-9999,-9999,-9999
1924,2017,8,18,20,270,200,-9999,320,15,-9999,-9999,-9999
1925,2017,8,18,22,260,200,-9999,360,21,-9999,-9999,-9999
1926,2017,8,18,23,250,220,-9999,0,0,-9999,-9999,-9999
1927,2017,8,19,1,240,210,-9999,0,0,-9999,-9999,-9999
1928,2017,8,19,5,240,210,-9999,0,0,-9999,-9999,-9999
1929,2017,8,19,10,310,210,-9999,210,15,-9999,-9999,-9999
1930,2017,8,20,7,240,210,-9999,210,5,-9999,-9999,-9999
1931,2017,8,20,8,260,220,-9999,340,10,-9999,-9999,-9999
1932,2017,8,20,10,290,200,-9999,90,10,-9999,-9999,-9999
1933,2017,8,20,11,300,200,-9999,60,10,-9999,-9999,-9999
1934,2017,8,20,13,310,210,-9999,90,21,-9999,-9999,-9999
1935,2017,8,20,17,280,210,-9999,0,0,-9999,-9999,-9999
1936,2017,8,20,19,260,-9999,-9999,0,0,-9999,-9999,-9999
1937,2017,8,20,22,260,230,-9999,100,10,-9999,-9999,-9999
1938,2017,8,21,2,210,200,-9999,50,15,-9999,-9999,-9999
1939,2017,8,21,4,210,210,-9999,0,0,-9999,-9999,-9999
1940,2017,8,21,7,210,210,-9999,240,31,-9999,-9999,-9999
1941,2017,8,21,10,230,190,-9999,260,26,-9999,-9999,-9999
1942,2017,8,21,11,240,200,-9999,280,21,-9999,-9999,-9999
1943,2017,8,21,13,260,200,-9999,280,10,-9999,-9999,-9999
1944,2017,8,21,16,260,220,-9999,0,0,-9999,-9999,-9999
1945,2017,8,21,19,250,230,-9999,0,0,-9999,-9999,-9999
1946,2017,8,21,20,250,230,-9999,280,10,-9999,-9999,-9999
1947,2017,8,22,4,230,210,-9999,250,26,-9999,-9999,-9999
1948,2017,8,22,5,230,210,-9999,250,51,-9999,-9999,-9999
1949,2017,8,22,8,250,210,-9999,260,51,-9999,-9999,-9999
1950,2017,8,22,10,280,230,-9999,290,46,-9999,-9999,-9999
1951,2017,8,22,13,320,200,-9999,250,41,-9999,-9999,-9999
1952,2017,8,22,14,320,200,-9999,250,31,-9999,-9999,-9999
1953,2017,8,22,16,310,200,-9999,230,21,-9999,-9999,-9999
1954,2017,8,22,17,280,200,-9999,220,15,-9999,-9999,-9999
1955,2017,8,22,19,270,230,-9999,250,26,-9999,-9999,-9999
1956,2017,8,22,20,260,220,-9999,250,26,-9999,-9999,-9999
1957,2017,8,22,22,250,230,-9999,250,31,-9999,-9999,-9999
1958,2017,8,23,2,240,220,-9999,250,31,-9999,-9999,-9999
1959,2017,8,23,4,240,210,-9999,270,21,-9999,-9999,-9999
1960,2017,8,23,5,240,210,-9999,270,21,-9999,-9999,-9999
1961,2017,8,23,10,330,160,-9999,70,36,-9999,-9999,-9999
1962,2017,8,23,11,340,160,-9999,60,21,-9999,-9999,-9999
1963,2017,8,23,13,330,150,-9999,50,15,-9999,-9999,-9999
1964,2017,8,23,17,300,220,-9999,0,0,-9999,-9999,-9999
1965,2017,8,23,19,280,240,-9999,0,0,-9999,-9999,-9999
1966,2017,8,23,20,270,240,-9999,0,0,-9999,-9999,-9999
1967,2017,8,23,22,260,230,-9999,0,0,-9999,-9999,-9999
1968,2017,8,24,4,290,240,-9999,0,0,-9999,-9999,-9999
1969,2017,8,24,5,250,240,-9999,0,0,-9999,-9999,-9999
1970,2017,8,24,7,270,230,-9999,-9999,-9999,-9999,-9999,-9999
1971,2017,8,24,10,330,210,-9999,230,10,-9999,-9999,-9999
1972,2017,8,25,7,230,200,-9999,230,26,-9999,-9999,-9999
1973,2017,8,25,8,240,210,-9999,250,26,-9999,-9999,-9999
1974,2017,8,25,13,300,210,-9999,270,46,-9999,-9999,-9999
1975,2017,8,25,14,290,210,-9999,250,41,-9999,-9999,-9999
1976,2017,8,25,16,270,210,-9999,200,21,-9999,-9999,-9999
1977,2017,8,25,17,270,210,-9999,220,31,-9999,-9999,-9999
1978,2017,8,25,20,250,120,-9999,230,26,-9999,-9999,-9999
1979,2017,8,25,22,240,190,-9999,210,21,-9999,-9999,-9999
1980,2017,8,26,7,260,200,-9999,250,46,-9999,-9999,-9999
1981,2017,8,26,8,280,210,-9999,250,41,-9999,-9999,-9999
1982,2017,8,26,10,310,210,-9999,240,15,-9999,-9999,-9999
1983,2017,8,26,11,320,200,-9999,-9999,-9999,-9999,-9999,-9999
1984,2017,8,26,13,330,210,-9999,200,26,-9999,-9999,-9999
1985,2017,8,26,16,310,210,-9999,180,26,-9999,-9999,-9999
1986,2017,8,26,17,300,210,-9999,160,15,-9999,-9999,-9999
1987,2017,8,26,19,270,220,-9999,180,15,-9999,-9999,-9999
1988,2017,8,26,20,270,220,-9999,180,21,-9999,-9999,-9999
1989,2017,8,27,8,230,190,-9999,10,51,-9999,-9999,-9999
1990,2017,8,27,10,290,210,-9999,-9999,-9999,-9999,-9999,-9999
1991,2017,8,27,11,260,230,-9999,200,5,-9999,-9999,-9999
1992,2017,8,27,14,290,230,-9999,240,15,-9999,-9999,-9999
1993,2017,8,27,16,270,230,-9999,250,15,-9999,-9999,-9999
1994,2017,8,27,17,250,220,-9999,290,36,-9999,-9999,-9999
1995,2017,8,27,22,240,230,-9999,0,0,-9999,-9999,-9999
1996,2017,8,27,23,240,230,-9999,280,15,-9999,-9999,-9999
1997,2017,8,28,4,220,210,-9999,250,10,-9999,-9999,-9999
1998,2017,8,28,11,290,210,-9999,220,51,-9999,-9999,-9999
1999,2017,8,28,16,260,220,-9999,180,15,-9999,-9999,-9999
2000,2017,8,28,17,250,220,-9999,200,15,-9999,-9999,-9999
2001,2017,8,28,20,220,210,-9999,0,0,-9999,-9999,-9999
2002,2017,8,28,23,220,220,-9999,0,0,-9999,-9999,-9999
2003,2017,8,29,1,220,200,-9999,210,15,-9999,-9999,-9999
2004,2017,8,29,7,190,190,-9999,120,15,-9999,-9999,-9999
2005,2017,8,29,8,190,190,-9999,210,15,-9999,-9999,-9999
2006,2017,8,29,10,220,210,-9999,-9999,-9999,-9999,-9999,-9999
2007,2017,8,29,22,230,210,-9999,0,0,-9999,-9999,-9999
2008,2017,8,30,7,250,210,-9999,270,26,-9999,-9999,-9999
2009,2017,8,30,8,260,220,-9999,250,26,-9999,-9999,-9999
2010,2017,8,30,10,290,210,-9999,250,62,-9999,-9999,-9999
2011,2017,8,30,11,300,230,-9999,270,51,-9999,-9999,-9999
2012,2017,8,30,13,310,210,-9999,250,51,-9999,-9999,-9999
2013,2017,8,30,14,310,210,-9999,250,51,-9999,-9999,-9999
2014,2017,8,30,16,290,210,-9999,240,36,-9999,-9999,-9999
2015,2017,8,30,17,280,210,-9999,260,36,-9999,-9999,-9999
2016,2017,8,30,19,260,200,-9999,240,15,-9999,-9999,-9999
2017,2017,8,30,20,250,200,-9999,250,36,-9999,-9999,-9999
2018,2017,8,31,1,240,200,-9999,270,51,-9999,-9999,-9999
2019,2017,8,31,2,230,200,-9999,280,36,-9999,-9999,-9999
2020,2017,8,31,3,240,190,-9999,290,51,-9999,-9999,-9999
2021,2017,8,31,4,240,190,-9999,290,51,-9999,-9999,-9999
2022,2017,8,31,5,240,190,-9999,300,51,-9999,-9999,-9999
2023,2017,8,31,7,280,210,-9999,280,26,-9999,-9999,-9999
2024,2017,8,31,8,300,210,-9999,0,0,-9999,-9999,-9999
2025,2017,8,31,10,330,180,-9999,20,15,-9999,-9999,-9999
2026,2017,8,31,14,360,180,-9999,110,15,-9999,-9999,-9999
2027,2017,8,31,16,320,200,-9999,180,21,-9999,-9999,-9999
2028,2017,8,31,17,300,220,-9999,180,21,-9999,-9999,-9999
2029,2017,8,31,19,280,230,-9999,250,15,-9999,-9999,-9999
2030,2017,8,31,20,270,220,-9999,220,15,-9999,-9999,-9999
2031,2017,8,31,22,250,220,-9999,230,15,-9999,-9999,-9999
2032,2017,8,31,23,250,220,-9999,0,0,-9999,-9999,-9999
2033,2017,9,1,1,240,220,-9999,190,31,-9999,-9999,-9999
2034,2017,9,1,4,230,200,-9999,0,0,-9999,-9999,-9999
2035,2017,9,1,8,270,240,-9999,90,51,-9999,-9999,-9999
2036,2017,9,1,10,260,220,-9999,90,82,-9999,-9999,-9999
2037,2017,9,1,11,260,210,-9999,90,41,-9999,-9999,-9999
2038,2017,9,1,14,280,190,-9999,20,10,-9999,-9999,-9999
2039,2017,9,1,16,290,180,-9999,10,10,-9999,-9999,-9999
2040,2017,9,1,17,280,210,-9999,0,0,-9999,-9999,-9999
2041,2017,9,1,19,250,210,-9999,0,0,-9999,-9999,-9999
2042,2017,9,1,20,250,210,-9999,90,10,-9999,-9999,-9999
2043,2017,9,1,22,240,210,-9999,90,26,-9999,-9999,-9999
2044,2017,9,1,23,230,210,-9999,0,0,-9999,-9999,-9999
2045,2017,9,2,4,220,210,-9999,90,10,-9999,-9999,-9999
2046,2017,9,2,5,220,210,-9999,0,0,-9999,-9999,-9999
2047,2017,9,2,11,310,290,-9999,170,21,-9999,-9999,-9999
2048,2017,9,2,13,320,190,-9999,180,15,-9999,-9999,-9999
2049,2017,9,2,14,320,200,-9999,180,21,-9999,-9999,-9999
2050,2017,9,2,17,280,220,-9999,0,0,-9999,-9999,-9999
2051,2017,9,2,19,260,220,-9999,180,10,-9999,-9999,-9999
2052,2017,9,2,22,250,230,-9999,240,15,-9999,-9999,-9999
2053,2017,9,3,5,240,220,-9999,240,15,-9999,-9999,-9999
2054,2017,9,3,7,270,220,-9999,210,26,-9999,-9999,-9999
2055,2017,9,3,8,280,220,-9999,210,21,-9999,-9999,-9999
2056,2017,9,3,10,310,220,-9999,160,31,-9999,-9999,-9999
2057,2017,9,4,1,240,210,-9999,220,15,-9999,-9999,-9999
2058,2017,9,4,2,240,210,-9999,220,15,-9999,-9999,-9999
2059,2017,9,4,7,270,200,-9999,290,15,-9999,-9999,-9999
2060,2017,9,4,8,290,210,-9999,230,15,-9999,-9999,-9999
2061,2017,9,4,10,310,200,-9999,180,21,-9999,-9999,-9999
2062,2017,9,4,11,330,200,-9999,180,15,-9999,-9999,-9999
2063,2017,9,4,13,330,200,-9999,210,10,-9999,-9999,-9999
2064,2017,9,4,14,330,-9999,-9999,160,21,-9999,-9999,-9999
2065,2017,9,4,16,280,180,-9999,30,10,-9999,-9999,-9999
2066,2017,9,4,17,270,210,-9999,170,10,-9999,-9999,-9999
2067,2017,9,4,19,260,230,-9999,0,0,-9999,-9999,-9999
2068,2017,9,4,20,260,220,-9999,0,0,-9999,-9999,-9999
2069,2017,9,5,2,240,210,-9999,250,21,-9999,-9999,-9999
2070,2017,9,5,4,240,220,-9999,0,0,-9999,-9999,-9999
2071,2017,9,5,5,240,230,-9999,0,0,-9999,-9999,-9999
2072,2017,9,5,7,270,210,-9999,0,0,-9999,-9999,-9999
2073,2017,9,5,10,280,220,-9999,0,0,-9999,-9999,-9999
2074,2017,9,5,11,300,220,-9999,180,36,-9999,-9999,-9999
2075,2017,9,5,13,310,220,-9999,160,21,-9999,-9999,-9999
2076,2017,9,5,14,310,220,-9999,140,10,-9999,-9999,-9999
2077,2017,9,5,16,300,200,-9999,0,0,-9999,-9999,-9999
2078,2017,9,5,17,290,220,-9999,0,0,-9999,-9999,-9999
2079,2017,9,5,20,230,210,-9999,140,113,-9999,-9999,-9999
2080,2017,9,6,11,280,210,-9999,180,15,-9999,-9999,-9999
2081,2017,9,6,13,290,200,-9999,0,0,-9999,-9999,-9999
2082,2017,9,6,14,290,210,-9999,0,0,-9999,-9999,-9999
2083,2017,9,6,16,290,220,-9999,0,0,-9999,-9999,-9999
2084,2017,9,6,17,270,230,-9999,0,0,-9999,-9999,-9999
2085,2017,9,6,18,250,220,-9999,0,0,-9999,-9999,-9999
2086,2017,9,6,20,240,220,-9999,150,10,-9999,-9999,-9999
2087,2017,9,6,22,240,230,-9999,0,0,-9999,-9999,-9999
2088,2017,9,7,1,240,230,-9999,150,10,-9999,-9999,-9999
2089,2017,9,7,4,240,220,-9999,0,0,-9999,-9999,-9999
2090,2017,9,7,5,240,220,-9999,0,0,-9999,-9999,-9999
2091,2017,9,7,7,270,230,-9999,0,0,-9999,-9999,-9999
2092,2017,9,7,8,280,200,-9999,0,0,-9999,-9999,-9999
2093,2017,9,7,10,310,210,-9999,290,10,-9999,-9999,-9999
2094,2017,9,7,11,320,180,-9999,180,10,-9999,-9999,-9999
2095,2017,9,7,13,340,200,-9999,190,5,-9999,-9999,-9999
2096,2017,9,7,14,330,200,-9999,190,10,-9999,-9999,-9999
2097,2017,9,7,16,330,200,-9999,190,15,-9999,-9999,-9999
2098,2017,9,7,17,290,220,-9999,190,15,-9999,-9999,-9999
2099,2017,9,7,19,280,230,-9999,190,15,-9999,-9999,-9999
2100,2017,9,7,20,270,230,-9999,190,15,-9999,-9999,-9999
2101,2017,9,7,22,260,220,-9999,180,36,-9999,-9999,-9999
2102,2017,9,7,23,250,200,-9999,170,36,-9999,-9999,-9999
2103,2017,9,8,2,230,200,-9999,190,15,-9999,-9999,-9999
2104,2017,9,8,4,230,200,-9999,260,15,-9999,-9999,-9999
2105,2017,9,8,5,230,200,-9999,300,21,-9999,-9999,-9999
2106,2017,9,8,7,270,180,-9999,0,0,-9999,-9999,-9999
2107,2017,9,8,8,290,180,-9999,270,31,-9999,-9999,-9999
2108,2017,9,8,10,320,190,-9999,260,21,-9999,-9999,-9999
2109,2017,9,8,22,250,200,-9999,0,0,-9999,-9999,-9999
2110,2017,9,8,23,250,200,-9999,270,10,-9999,-9999,-9999
2111,2017,9,9,1,240,210,-9999,0,0,-9999,-9999,-9999
2112,2017,9,9,7,300,200,-9999,0,0,-9999,-9999,-9999
2113,2017,9,9,8,320,180,-9999,0,0,-9999,-9999,-9999
2114,2017,9,9,10,350,200,-9999,50,21,-9999,-9999,-9999
2115,2017,9,9,11,350,200,-9999,40,15,-9999,-9999,-9999
2116,2017,9,9,13,360,180,-9999,120,15,-9999,-9999,-9999
2117,2017,9,9,14,360,180,-9999,100,21,-9999,-9999,-9999
2118,2017,9,9,16,330,200,-9999,0,0,-9999,-9999,-9999
2119,2017,9,9,17,310,220,-9999,0,0,-9999,-9999,-9999
2120,2017,9,9,20,270,210,-9999,130,10,-9999,-9999,-9999
2121,2017,9,10,7,290,220,-9999,250,26,-9999,-9999,-9999
2122,2017,9,10,8,310,210,-9999,280,10,-9999,-9999,-9999
2123,2017,9,10,10,340,200,-9999,200,15,-9999,-9999,-9999
2124,2017,9,10,11,350,190,-9999,190,10,-9999,-9999,-9999
2125,2017,9,10,13,370,200,-9999,140,21,-9999,-9999,-9999
2126,2017,9,10,14,360,190,-9999,160,15,-9999,-9999,-9999
2127,2017,9,10,17,320,220,-9999,0,0,-9999,-9999,-9999
2128,2017,9,10,19,290,220,-9999,0,0,-9999,-9999,-9999
2129,2017,9,10,20,280,220,-9999,160,15,-9999,-9999,-9999
2130,2017,9,10,22,270,230,-9999,160,21,-9999,-9999,-9999
2131,2017,9,10,23,260,220,-9999,140,10,-9999,-9999,-9999
2132,2017,9,11,2,250,220,-9999,200,21,-9999,-9999,-9999
2133,2017,9,11,7,310,210,-9999,240,26,-9999,-9999,-9999
2134,2017,9,11,8,320,210,-9999,250,41,-9999,-9999,-9999
2135,2017,9,11,11,350,190,-9999,360,5,-9999,-9999,-9999
2136,2017,9,11,13,360,190,-9999,170,15,-9999,-9999,-9999
2137,2017,9,11,16,340,210,-9999,170,26,-9999,-9999,-9999
2138,2017,9,11,17,320,210,-9999,170,26,-9999,-9999,-9999
2139,2017,9,11,19,280,190,-9999,250,15,-9999,-9999,-9999
2140,2017,9,11,20,270,190,-9999,250,26,-9999,-9999,-9999
2141,2017,9,12,4,240,190,-9999,0,0,-9999,-9999,-9999
2142,2017,9,12,7,280,230,-9999,280,31,-9999,-9999,-9999
2143,2017,9,12,11,340,200,-9999,210,21,-9999,-9999,-9999
2144,2017,9,12,13,370,150,-9999,100,31,-9999,-9999,-9999
2145,2017,9,12,16,240,190,-9999,80,10,-9999,-9999,-9999
2146,2017,9,13,7,270,200,-9999,230,10,-9999,-9999,-9999
2147,2017,9,13,8,280,200,-9999,190,21,-9999,-9999,-9999
2148,2017,9,13,10,310,210,-9999,150,36,-9999,-9999,-9999
2149,2017,9,14,2,200,200,-9999,90,82,-9999,-9999,-9999
2150,2017,9,14,8,240,200,-9999,280,41,-9999,-9999,-9999
2151,2017,9,14,10,240,210,-9999,220,31,-9999,-9999,-9999
2152,2017,9,14,11,250,210,-9999,240,36,-9999,-9999,-9999
2153,2017,9,14,13,260,220,-9999,-9999,-9999,-9999,-9999,-9999
2154,2017,9,14,14,260,210,-9999,250,41,-9999,-9999,-9999
2155,2017,9,14,16,250,200,-9999,270,46,-9999,-9999,-9999
2156,2017,9,14,17,250,210,-9999,0,0,-9999,-9999,-9999
2157,2017,9,17,13,270,220,-9999,0,0,-9999,-9999,-9999
2158,2017,9,17,14,320,220,-9999,220,10,-9999,-9999,-9999
2159,2017,9,17,16,300,230,-9999,0,0,-9999,-9999,-9999
2160,2017,9,17,17,290,240,-9999,0,0,-9999,-9999,-9999
2161,2017,9,18,23,230,220,-9999,210,10,-9999,-9999,-9999
2162,2017,9,19,10,290,200,-9999,230,26,-9999,-9999,-9999
2163,2017,9,19,11,310,200,-9999,270,31,-9999,-9999,-9999
2164,2017,9,19,13,320,200,-9999,210,21,-9999,-9999,-9999
2165,2017,9,19,16,310,200,-9999,180,21,-9999,-9999,-9999
2166,2017,9,19,17,290,210,-9999,180,15,-9999,-9999,-9999
2167,2017,9,19,19,260,220,-9999,180,15,-9999,-9999,-9999
2168,2017,9,19,20,260,220,-9999,180,15,-9999,-9999,-9999
2169,2017,9,20,1,240,210,-9999,180,31,-9999,-9999,-9999
2170,2017,9,20,4,240,210,-9999,220,15,-9999,-9999,-9999
2171,2017,9,20,7,280,220,-9999,260,36,-9999,-9999,-9999
2172,2017,9,20,8,290,220,-9999,250,36,-9999,-9999,-9999
2173,2017,9,20,10,320,220,-9999,250,15,-9999,-9999,-9999
2174,2017,9,20,11,-9999,-9999,-9999,0,0,-9999,-9999,-9999
2175,2017,9,20,13,340,180,-9999,140,15,-9999,-9999,-9999
2176,2017,9,20,14,340,180,-9999,130,15,-9999,-9999,-9999
2177,2017,9,20,16,320,210,-9999,130,15,-9999,-9999,-9999
2178,2017,9,20,19,270,230,-9999,130,15,-9999,-9999,-9999
2179,2017,9,20,22,260,210,-9999,210,15,-9999,-9999,-9999
2180,2017,9,20,23,250,220,-9999,0,0,-9999,-9999,-9999
2181,2017,9,21,4,240,230,-9999,0,0,-9999,-9999,-9999
2182,2017,9,21,5,240,230,-9999,0,0,-9999,-9999,-9999
2183,2017,9,21,7,270,230,-9999,140,15,-9999,-9999,-9999
2184,2017,9,21,11,240,190,-9999,210,15,-9999,-9999,-9999
2185,2017,9,21,14,270,190,-9999,0,0,-9999,-9999,-9999
2186,2017,9,21,17,250,210,-9999,0,0,-9999,-9999,-9999
2187,2017,9,21,19,250,210,-9999,0,0,-9999,-9999,-9999
2188,2017,9,21,20,240,220,-9999,150,15,-9999,-9999,-9999
2189,2017,9,21,22,230,210,-9999,90,36,-9999,-9999,-9999
2190,2017,9,22,2,210,190,-9999,60,67,-9999,-9999,-9999
2191,2017,9,22,4,210,190,-9999,350,15,-9999,-9999,-9999
2192,2017,9,22,5,220,200,-9999,310,21,-9999,-9999,-9999
2193,2017,9,22,13,320,190,-9999,0,0,-9999,-9999,-9999
2194,2017,9,22,14,320,180,-9999,-9999,-9999,-9999,-9999,-9999
2195,2017,9,22,17,270,190,-9999,180,15,-9999,-9999,-9999
2196,2017,9,22,23,250,220,-9999,0,0,-9999,-9999,-9999
2197,2017,9,23,1,250,210,-9999,0,0,-9999,-9999,-9999
2198,2017,9,23,2,240,210,-9999,240,10,-9999,-9999,-9999
2199,2017,9,23,4,240,230,-9999,0,0,-9999,-9999,-9999
2200,2017,9,23,7,280,-9999,-9999,0,0,-9999,-9999,-9999
2201,2017,9,23,8,300,210,-9999,0,0,-9999,-9999,-9999
2202,2017,9,23,10,330,210,-9999,0,0,-9999,-9999,-9999
2203,2017,9,23,14,340,200,-9999,90,15,-9999,-9999,-9999
2204,2017,9,23,17,300,210,-9999,0,0,-9999,-9999,-9999
2205,2017,9,24,5,240,210,-9999,260,15,-9999,-9999,-9999
2206,2017,9,24,7,300,190,-9999,280,15,-9999,-9999,-9999
2207,2017,9,24,10,330,200,-9999,260,21,-9999,-9999,-9999
2208,2017,9,24,11,340,-9999,-9999,110,15,-9999,-9999,-9999
2209,2017,9,24,13,350,200,-9999,130,15,-9999,-9999,-9999
2210,2017,9,24,14,350,200,-9999,-9999,-9999,-9999,-9999,-9999
2211,2017,9,24,16,320,200,-9999,140,15,-9999,-9999,-9999
2212,2017,9,24,17,300,200,-9999,160,21,-9999,-9999,-9999
2213,2017,9,24,19,250,200,-9999,-9999,-9999,-9999,-9999,-9999
2214,2017,9,24,20,230,200,-9999,0,0,-9999,-9999,-9999
2215,2017,9,24,23,240,200,-9999,340,15,-9999,-9999,-9999
2216,2017,9,25,4,210,190,-9999,180,21,-9999,-9999,-9999
2217,2017,9,25,5,210,190,-9999,200,21,-9999,-9999,-9999
2218,2017,9,25,7,240,180,-9999,310,26,-9999,-9999,-9999
2219,2017,9,25,8,260,180,-9999,300,26,-9999,-9999,-9999
2220,2017,9,25,10,280,190,-9999,310,5,-9999,-9999,-9999
2221,2017,9,25,11,310,160,-9999,310,10,-9999,-9999,-9999
2222,2017,9,25,13,310,180,-9999,40,15,-9999,-9999,-9999
2223,2017,9,25,14,320,180,-9999,50,15,-9999,-9999,-9999
2224,2017,9,25,16,300,180,-9999,90,10,-9999,-9999,-9999
2225,2017,9,25,17,290,200,-9999,0,0,-9999,-9999,-9999
2226,2017,9,25,19,290,200,-9999,0,0,-9999,-9999,-9999
2227,2017,9,25,22,250,200,-9999,90,15,-9999,-9999,-9999
2228,2017,9,25,23,250,200,-9999,0,0,-9999,-9999,-9999
2229,2017,9,26,5,230,190,-9999,0,0,-9999,-9999,-9999
2230,2017,9,26,7,280,190,-9999,90,15,-9999,-9999,-9999
2231,2017,9,26,13,340,140,-9999,90,21,-9999,-9999,-9999
2232,2017,9,26,14,360,110,-9999,330,21,-9999,-9999,-9999
2233,2017,9,26,17,280,190,-9999,90,10,-9999,-9999,-9999
2234,2017,9,26,19,260,190,-9999,0,0,-9999,-9999,-9999
2235,2017,9,26,20,250,200,-9999,90,10,-9999,-9999,-9999
2236,2017,9,26,22,250,190,-9999,90,21,-9999,-9999,-9999
2237,2017,9,27,1,240,180,-9999,90,15,-9999,-9999,-9999
2238,2017,9,27,4,240,180,-9999,280,21,-9999,-9999,-9999
2239,2017,9,27,13,370,120,-9999,0,0,-9999,-9999,-9999
2240,2017,9,27,16,340,180,-9999,120,10,-9999,-9999,-9999
2241,2017,9,27,17,300,180,-9999,120,15,-9999,-9999,-9999
2242,2017,9,27,19,270,200,-9999,0,0,-9999,-9999,-9999
2243,2017,9,27,20,260,200,-9999,0,0,-9999,-9999,-9999
2244,2017,9,28,1,250,200,-9999,150,21,-9999,-9999,-9999
2245,2017,9,28,4,240,210,-9999,0,0,-9999,-9999,-9999
2246,2017,9,28,5,250,210,-9999,0,0,-9999,-9999,-9999
2247,2017,9,28,7,300,200,-9999,270,31,-9999,-9999,-9999
2248,2017,9,28,8,320,180,-9999,250,15,-9999,-9999,-9999
2249,2017,9,28,10,350,100,-9999,120,15,-9999,-9999,-9999
2250,2017,9,28,11,360,200,-9999,90,15,-9999,-9999,-9999
2251,2017,9,29,7,270,210,-9999,0,0,-9999,-9999,-9999
2252,2017,9,29,8,290,200,-9999,20,31,-9999,-9999,-9999
2253,2017,9,29,10,320,170,-9999,30,26,-9999,-9999,-9999
2254,2017,9,29,11,330,170,-9999,0,0,-9999,-9999,-9999
2255,2017,9,29,13,340,160,-9999,20,15,-9999,-9999,-9999
2256,2017,9,29,14,340,160,-9999,20,15,-9999,-9999,-9999
2257,2017,9,29,17,300,100,-9999,20,26,-9999,-9999,-9999
2258,2017,9,29,20,260,210,-9999,360,15,-9999,-9999,-9999
2259,2017,9,29,22,250,210,-9999,270,31,-9999,-9999,-9999
2260,2017,9,30,1,250,200,-9999,290,15,-9999,-9999,-9999
2261,2017,9,30,2,240,190,-9999,0,0,-9999,-9999,-9999
2262,2017,9,30,5,230,160,-9999,290,15,-9999,-9999,-9999
2263,2017,9,30,10,320,100,-9999,60,15,-9999,-9999,-9999
2264,2017,9,30,11,330,110,-9999,120,15,-9999,-9999,-9999
2265,2017,9,30,13,340,130,-9999,200,15,-9999,-9999,-9999
2266,2017,9,30,14,340,140,-9999,200,26,-9999,-9999,-9999
2267,2017,9,30,17,280,190,-9999,180,10,-9999,-9999,-9999
2268,2017,9,30,19,260,200,-9999,0,0,-9999,-9999,-9999
2269,2017,9,30,20,250,200,-9999,220,31,-9999,-9999,-9999
2270,2017,9,30,22,260,190,-9999,240,26,-9999,-9999,-9999
2271,2017,10,1,1,260,200,-9999,270,51,-9999,-9999,-9999
2272,2017,10,1,4,240,170,-9999,300,51,-9999,-9999,-9999
2273,2017,10,1,11,350,130,-9999,100,21,-9999,-9999,-9999
2274,2017,10,1,14,360,130,-9999,130,21,-9999,-9999,-9999
2275,2017,10,1,17,330,180,-9999,0,0,-9999,-9999,-9999
2276,2017,10,1,19,270,190,-9999,110,10,-9999,-9999,-9999
2277,2017,10,1,20,260,200,-9999,110,15,-9999,-9999,-9999
2278,2017,10,1,23,250,210,-9999,0,0,-9999,-9999,-9999
2279,2017,10,2,1,240,220,-9999,0,0,-9999,-9999,-9999
2280,2017,10,2,2,240,220,-9999,0,0,-9999,-9999,-9999
2281,2017,10,2,4,240,220,-9999,0,0,-9999,-9999,-9999
2282,2017,10,2,5,250,210,-9999,110,10,-9999,-9999,-9999
2283,2017,10,2,13,350,160,-9999,-9999,-9999,-9999,-9999,-9999
2284,2017,10,2,16,280,190,-9999,0,0,-9999,-9999,-9999
2285,2017,10,2,17,270,200,-9999,0,0,-9999,-9999,-9999
2286,2017,10,3,4,260,220,-9999,330,15,-9999,-9999,-9999
2287,2017,10,3,5,260,200,-9999,300,15,-9999,-9999,-9999
2288,2017,10,3,7,290,180,-9999,320,21,-9999,-9999,-9999
2289,2017,10,3,8,320,180,-9999,320,15,-9999,-9999,-9999
2290,2017,10,3,10,340,170,-9999,90,41,-9999,-9999,-9999
2291,2017,10,4,7,300,210,-9999,300,10,-9999,-9999,-9999
2292,2017,10,4,8,310,190,-9999,320,26,-9999,-9999,-9999
2293,2017,10,4,10,340,110,-9999,40,46,-9999,-9999,-9999
2294,2017,10,4,11,350,70,-9999,60,51,-9999,-9999,-9999
2295,2017,10,4,13,360,60,-9999,60,51,-9999,-9999,-9999
2296,2017,10,4,14,370,50,-9999,40,26,-9999,-9999,-9999
2297,2017,10,4,16,330,110,-9999,0,0,-9999,-9999,-9999
2298,2017,10,4,17,300,140,-9999,0,0,-9999,-9999,-9999
2299,2017,10,4,18,270,-9999,-9999,90,15,-9999,-9999,-9999
2300,2017,10,4,19,270,-9999,-9999,90,15,-9999,-9999,-9999
2301,2017,10,4,22,260,150,-9999,90,15,-9999,-9999,-9999
2302,2017,10,5,1,250,140,-9999,360,26,-9999,-9999,-9999
2303,2017,10,5,2,250,140,-9999,340,15,-9999,-9999,-9999
2304,2017,10,5,4,250,130,-9999,0,0,-9999,-9999,-9999
2305,2017,10,5,5,250,110,-9999,360,21,-9999,-9999,-9999
2306,2017,10,5,7,300,90,-9999,20,31,-9999,-9999,-9999
2307,2017,10,5,8,320,80,-9999,40,51,-9999,-9999,-9999
2308,2017,10,5,10,340,30,-9999,50,77,-9999,-9999,-9999
2309,2017,10,5,11,350,50,-9999,40,62,-9999,-9999,-9999
2310,2017,10,5,13,370,30,-9999,40,57,-9999,-9999,-9999
2311,2017,10,5,14,370,40,-9999,10,46,-9999,-9999,-9999
2312,2017,10,5,16,380,80,-9999,50,21,-9999,-9999,-9999
2313,2017,10,5,17,310,120,-9999,0,0,-9999,-9999,-9999
2314,2017,10,5,20,260,110,-9999,0,0,-9999,-9999,-9999
2315,2017,10,6,2,240,100,-9999,10,10,-9999,-9999,-9999
2316,2017,10,6,4,220,180,-9999,170,10,-9999,-9999,-9999
2317,2017,10,6,5,230,190,-9999,0,0,-9999,-9999,-9999
2318,2017,10,6,7,280,170,-9999,0,0,-9999,-9999,-9999
2319,2017,10,6,8,300,120,-9999,30,31,-9999,-9999,-9999
2320,2017,10,6,10,330,60,-9999,10,31,-9999,-9999,-9999
2321,2017,10,6,14,340,90,-9999,60,15,-9999,-9999,-9999
2322,2017,10,6,16,330,90,-9999,0,0,-9999,-9999,-9999
2323,2017,10,6,17,290,150,-9999,0,0,-9999,-9999,-9999
2324,2017,10,6,19,270,120,-9999,0,0,-9999,-9999,-9999
2325,2017,10,6,20,250,130,-9999,60,10,-9999,-9999,-9999
2326,2017,10,6,22,230,130,-9999,0,0,-9999,-9999,-9999
2327,2017,10,6,23,230,120,-9999,20,15,-9999,-9999,-9999
2328,2017,10,7,4,200,120,-9999,0,0,-9999,-9999,-9999
2329,2017,10,7,13,350,70,-9999,70,31,-9999,-9999,-9999
2330,2017,10,7,17,360,20,-9999,40,21,-9999,-9999,-9999
2331,2017,10,7,19,270,80,-9999,80,15,-9999,-9999,-9999
2332,2017,10,7,20,260,80,-9999,80,15,-9999,-9999,-9999
2333,2017,10,7,22,240,120,-9999,90,15,-9999,-9999,-9999
2334,2017,10,8,4,200,90,-9999,360,10,-9999,-9999,-9999
2335,2017,10,8,5,260,20,-9999,0,0,-9999,-9999,-9999
2336,2017,10,8,7,300,90,-9999,360,15,-9999,-9999,-9999
2337,2017,10,8,8,320,90,-9999,20,31,-9999,-9999,-9999
2338,2017,10,8,10,360,70,-9999,20,62,-9999,-9999,-9999
2339,2017,10,9,7,310,50,-9999,30,51,-9999,-9999,-9999
2340,2017,10,9,8,330,10,-9999,240,51,-9999,-9999,-9999
2341,2017,10,9,10,350,10,-9999,60,62,-9999,-9999,-9999
2342,2017,10,9,11,370,10,-9999,50,57,-9999,-9999,-9999
2343,2017,10,9,13,370,20,-9999,20,62,-9999,-9999,-9999
2344,2017,10,9,14,370,20,-9999,20,67,-9999,-9999,-9999
2345,2017,10,9,16,340,80,-9999,40,31,-9999,-9999,-9999
2346,2017,10,9,17,310,80,-9999,40,15,-9999,-9999,-9999
2347,2017,10,9,19,270,110,-9999,20,15,-9999,-9999,-9999
2348,2017,10,9,20,270,110,-9999,0,0,-9999,-9999,-9999
2349,2017,10,9,22,270,100,-9999,0,0,-9999,-9999,-9999
2350,2017,10,10,5,250,90,-9999,360,72,-9999,-9999,-9999
2351,2017,10,10,7,270,90,-9999,360,21,-9999,-9999,-9999
2352,2017,10,10,8,310,50,-9999,50,51,-9999,-9999,-9999
2353,2017,10,10,10,330,20,-9999,50,67,-9999,-9999,-9999
2354,2017,10,10,11,350,30,-9999,50,57,-9999,-9999,-9999
2355,2017,10,10,13,360,20,-9999,50,51,-9999,-9999,-9999
2356,2017,10,10,14,360,20,-9999,70,51,-9999,-9999,-9999
2357,2017,10,10,17,300,80,-9999,50,15,-9999,-9999,-9999
2358,2017,10,10,19,290,70,-9999,10,15,-9999,-9999,-9999
2359,2017,10,10,20,290,70,-9999,10,10,-9999,-9999,-9999
2360,2017,10,10,22,300,50,-9999,20,26,-9999,-9999,-9999
2361,2017,10,11,1,290,30,-9999,30,46,-9999,-9999,-9999
2362,2017,10,11,4,270,50,-9999,30,46,-9999,-9999,-9999
2363,2017,10,11,5,260,50,-9999,10,26,-9999,-9999,-9999
2364,2017,10,11,7,300,60,-9999,60,36,-9999,-9999,-9999
2365,2017,10,11,8,320,60,-9999,40,31,-9999,-9999,-9999
2366,2017,10,11,11,340,50,-9999,360,31,-9999,-9999,-9999
2367,2017,10,11,13,350,40,-9999,50,15,-9999,-9999,-9999
2368,2017,10,11,17,290,100,-9999,0,0,-9999,-9999,-9999
2369,2017,10,11,20,250,120,-9999,0,0,-9999,-9999,-9999
2370,2017,10,12,1,230,60,-9999,30,10,-9999,-9999,-9999
2371,2017,10,12,2,230,60,-9999,20,10,-9999,-9999,-9999
2372,2017,10,12,4,210,60,-9999,0,0,-9999,-9999,-9999
2373,2017,10,12,5,210,80,-9999,0,0,-9999,-9999,-9999
2374,2017,10,12,11,350,10,-9999,30,26,-9999,-9999,-9999
2375,2017,10,12,13,350,30,-9999,320,21,-9999,-9999,-9999
2376,2017,10,13,7,300,60,-9999,20,51,-9999,-9999,-9999
2377,2017,10,13,8,300,30,-9999,40,51,-9999,-9999,-9999
2378,2017,10,13,10,320,70,-9999,30,67,-9999,-9999,-9999
2379,2017,10,14,8,300,50,-9999,30,41,-9999,-9999,-9999
2380,2017,10,14,10,330,60,-9999,10,46,-9999,-9999,-9999
2381,2017,10,14,14,340,60,-9999,50,26,-9999,-9999,-9999
2382,2017,10,14,17,310,100,-9999,-9999,-9999,-9999,-9999,-9999
2383,2017,10,15,4,250,80,-9999,360,15,-9999,-9999,-9999
2384,2017,10,15,5,220,80,-9999,0,0,-9999,-9999,-9999
2385,2017,10,15,7,280,60,-9999,60,21,-9999,-9999,-9999
2386,2017,10,15,8,310,50,-9999,40,26,-9999,-9999,-9999
2387,2017,10,15,10,330,40,-9999,50,21,-9999,-9999,-9999
2388,2017,10,15,11,340,40,-9999,60,21,-9999,-9999,-9999
2389,2017,10,15,13,350,70,-9999,80,21,-9999,-9999,-9999
2390,2017,10,15,14,340,70,-9999,80,36,-9999,-9999,-9999
2391,2017,10,15,16,310,120,-9999,120,10,-9999,-9999,-9999
2392,2017,10,15,19,260,110,-9999,120,10,-9999,-9999,-9999
2393,2017,10,15,20,250,120,-9999,0,0,-9999,-9999,-9999
2394,2017,10,16,5,230,80,-9999,30,15,-9999,-9999,-9999
2395,2017,10,16,8,290,70,-9999,50,36,-9999,-9999,-9999
2396,2017,10,16,11,340,70,-9999,360,36,-9999,-9999,-9999
2397,2017,10,16,13,340,80,-9999,40,21,-9999,-9999,-9999
2398,2017,10,16,14,350,50,-9999,30,31,-9999,-9999,-9999
2399,2017,10,16,17,300,60,-9999,0,0,-9999,-9999,-9999
2400,2017,10,16,19,260,80,-9999,60,10,-9999,-9999,-9999
2401,2017,10,16,20,260,80,-9999,60,15,-9999,-9999,-9999
2402,2017,10,17,1,240,60,-9999,20,31,-9999,-9999,-9999
2403,2017,10,17,2,230,60,-9999,20,31,-9999,-9999,-9999
2404,2017,10,17,4,230,50,-9999,20,60,-9999,-9999,-9999
2405,2017,10,17,5,230,40,-9999,20,26,-9999,-9999,-9999
2406,2017,10,17,13,350,50,-9999,60,51,-9999,-9999,-9999
2407,2017,10,17,14,350,40,-9999,40,51,-9999,-9999,-9999
2408,2017,10,17,17,290,80,-9999,0,0,-9999,-9999,-9999
2409,2017,10,17,19,260,70,-9999,50,31,-9999,-9999,-9999
2410,2017,10,18,4,210,50,-9999,20,21,-9999,-9999,-9999
2411,2017,10,18,5,230,40,-9999,20,21,-9999,-9999,-9999
2412,2017,10,18,7,270,30,-9999,40,51,-9999,-9999,-9999
2413,2017,10,18,10,320,40,-9999,20,46,-9999,-9999,-9999
2414,2017,10,19,7,270,0,-9999,40,51,-9999,-9999,-9999
2415,2017,10,19,8,290,10,-9999,30,51,-9999,-9999,-9999
2416,2017,10,19,10,320,0,-9999,40,46,-9999,-9999,-9999
2417,2017,10,19,11,330,-20,-9999,80,26,-9999,-9999,-9999
2418,2017,10,19,13,350,30,-9999,20,15,-9999,-9999,-9999
2419,2017,10,19,16,320,80,-9999,90,21,-9999,-9999,-9999
2420,2017,10,19,17,290,100,-9999,0,0,-9999,-9999,-9999
2421,2017,10,20,1,230,80,-9999,360,21,-9999,-9999,-9999
2422,2017,10,20,4,210,-20,-9999,360,21,-9999,-9999,-9999
2423,2017,10,20,5,210,-20,-9999,360,15,-9999,-9999,-9999
2424,2017,10,20,7,290,10,-9999,360,51,-9999,-9999,-9999
2425,2017,10,20,8,300,-10,-9999,40,51,-9999,-9999,-9999
2426,2017,10,20,10,330,-20,-9999,50,41,-9999,-9999,-9999
2427,2017,10,20,13,350,30,-9999,0,0,-9999,-9999,-9999
2428,2017,10,20,14,350,50,-9999,70,21,-9999,-9999,-9999
2429,2017,10,20,16,330,70,-9999,0,0,-9999,-9999,-9999
2430,2017,10,20,17,290,80,-9999,0,0,-9999,-9999,-9999
2431,2017,10,20,19,240,90,-9999,0,0,-9999,-9999,-9999
2432,2017,10,20,20,240,80,-9999,0,0,-9999,-9999,-9999
2433,2017,10,20,22,230,50,-9999,0,0,-9999,-9999,-9999
2434,2017,10,20,23,230,40,-9999,0,0,-9999,-9999,-9999
2435,2017,10,21,2,220,30,-9999,0,0,-9999,-9999,-9999
2436,2017,10,21,4,210,20,-9999,10,21,-9999,-9999,-9999
2437,2017,10,21,5,220,20,-9999,360,26,-9999,-9999,-9999
2438,2017,10,21,7,300,30,-9999,30,51,-9999,-9999,-9999
2439,2017,10,21,8,310,10,-9999,20,41,-9999,-9999,-9999
2440,2017,10,21,11,350,30,-9999,80,15,-9999,-9999,-9999
2441,2017,10,21,14,360,60,-9999,110,15,-9999,-9999,-9999
2442,2017,10,21,17,280,-9999,-9999,0,0,-9999,-9999,-9999
2443,2017,10,21,20,240,60,-9999,90,10,-9999,-9999,-9999
2444,2017,10,21,22,230,50,-9999,90,10,-9999,-9999,-9999
2445,2017,10,22,1,230,20,-9999,50,10,-9999,-9999,-9999
2446,2017,10,22,4,220,10,-9999,360,15,-9999,-9999,-9999
2447,2017,10,22,5,220,30,-9999,360,10,-9999,-9999,-9999
2448,2017,10,22,11,350,70,-9999,100,31,-9999,-9999,-9999
2449,2017,10,22,13,360,70,-9999,130,15,-9999,-9999,-9999
2450,2017,10,22,14,360,90,-9999,80,10,-9999,-9999,-9999
2451,2017,10,22,17,290,120,-9999,0,0,-9999,-9999,-9999
2452,2017,10,22,19,250,100,-9999,0,0,-9999,-9999,-9999
2453,2017,10,22,20,250,100,-9999,0,0,-9999,-9999,-9999
2454,2017,10,22,22,230,90,-9999,0,0,-9999,-9999,-9999
2455,2017,10,23,1,220,100,-9999,0,0,-9999,-9999,-9999
2456,2017,10,23,2,220,70,-9999,60,15,-9999,-9999,-9999
2457,2017,10,23,7,300,40,-9999,20,51,-9999,-9999,-9999
2458,2017,10,23,8,310,50,-9999,40,51,-9999,-9999,-9999
2459,2017,10,23,10,330,60,-9999,60,36,-9999,-9999,-9999
2460,2017,10,24,7,280,90,-9999,40,62,-9999,-9999,-9999
2461,2017,10,24,8,300,-10,-9999,50,51,-9999,-9999,-9999
2462,2017,10,24,10,330,20,-9999,70,41,-9999,-9999,-9999
2463,2017,10,24,11,340,20,-9999,70,36,-9999,-9999,-9999
2464,2017,10,24,13,350,50,-9999,130,15,-9999,-9999,-9999
2465,2017,10,24,14,350,50,-9999,40,21,-9999,-9999,-9999
2466,2017,10,24,16,230,60,-9999,0,0,-9999,-9999,-9999
2467,2017,10,24,17,290,100,-9999,0,0,-9999,-9999,-9999
2468,2017,10,24,19,270,120,-9999,0,0,-9999,-9999,-9999
2469,2017,10,24,20,250,110,-9999,0,0,-9999,-9999,-9999
2470,2017,10,24,22,240,100,-9999,90,15,-9999,-9999,-9999
2471,2017,10,24,23,240,90,-9999,0,0,-9999,-9999,-9999
2472,2017,10,25,7,280,10,-9999,30,41,-9999,-9999,-9999
2473,2017,10,25,8,300,10,-9999,30,41,-9999,-9999,-9999
2474,2017,10,25,13,350,30,-9999,60,51,-9999,-9999,-9999
2475,2017,10,25,16,330,90,-9999,60,10,-9999,-9999,-9999
2476,2017,10,25,19,280,60,-9999,60,15,-9999,-9999,-9999
2477,2017,10,25,20,270,70,-9999,60,10,-9999,-9999,-9999
2478,2017,10,25,22,250,40,-9999,50,15,-9999,-9999,-9999
2479,2017,10,25,23,240,40,-9999,40,15,-9999,-9999,-9999
2480,2017,10,26,4,230,20,-9999,360,31,-9999,-9999,-9999
2481,2017,10,26,5,240,10,-9999,360,36,-9999,-9999,-9999
2482,2017,10,26,10,300,10,-9999,40,62,-9999,-9999,-9999
2483,2017,10,26,13,360,40,-9999,50,41,-9999,-9999,-9999
2484,2017,10,26,14,360,20,-9999,50,31,-9999,-9999,-9999
2485,2017,10,26,16,330,40,-9999,50,15,-9999,-9999,-9999
2486,2017,10,26,19,270,40,-9999,50,10,-9999,-9999,-9999
2487,2017,10,26,23,250,20,-9999,20,26,-9999,-9999,-9999
2488,2017,10,27,4,230,-10,-9999,360,21,-9999,-9999,-9999
2489,2017,10,27,11,350,10,-9999,20,51,-9999,-9999,-9999
2490,2017,10,27,14,360,-10,-9999,40,31,-9999,-9999,-9999
2491,2017,10,27,17,300,60,-9999,40,10,-9999,-9999,-9999
2492,2017,10,27,20,270,20,-9999,10,15,-9999,-9999,-9999
2493,2017,10,28,4,250,-30,-9999,360,31,-9999,-9999,-9999
2494,2017,10,28,7,300,40,-9999,30,51,-9999,-9999,-9999
2495,2017,10,28,8,320,40,-9999,360,51,-9999,-9999,-9999
2496,2017,10,28,10,330,70,-9999,10,51,-9999,-9999,-9999
2497,2017,10,29,7,280,-40,-9999,-9999,-9999,-9999,-9999,-9999
2498,2017,10,29,10,320,0,-9999,60,41,-9999,-9999,-9999
2499,2017,10,29,13,350,30,-9999,20,36,-9999,-9999,-9999
2500,2017,10,29,14,350,10,-9999,60,31,-9999,-9999,-9999
2501,2017,10,29,16,320,40,-9999,60,15,-9999,-9999,-9999
2502,2017,10,30,2,250,30,-9999,20,26,-9999,-9999,-9999
2503,2017,10,30,4,230,10,-9999,20,31,-9999,-9999,-9999
2504,2017,10,30,5,240,0,-9999,340,31,-9999,-9999,-9999
2505,2017,10,30,7,270,-10,-9999,20,51,-9999,-9999,-9999
2506,2017,10,30,8,290,10,-9999,40,67,-9999,-9999,-9999
2507,2017,10,30,10,320,0,-9999,40,51,-9999,-9999,-9999
2508,2017,10,30,11,330,20,-9999,40,31,-9999,-9999,-9999
2509,2017,10,30,16,-9999,-9999,-9999,70,10,-9999,-9999,-9999
2510,2017,10,30,17,300,60,-9999,70,21,-9999,-9999,-9999
2511,2017,10,30,19,270,70,-9999,80,15,-9999,-9999,-9999
2512,2017,10,30,20,260,60,-9999,80,15,-9999,-9999,-9999
2513,2017,10,30,22,240,70,-9999,70,10,-9999,-9999,-9999
2514,2017,10,31,4,240,10,-9999,10,15,-9999,-9999,-9999
2515,2017,10,31,5,240,10,-9999,10,15,-9999,-9999,-9999
2516,2017,10,31,7,280,-10,-9999,30,41,-9999,-9999,-9999
2517,2017,10,31,8,300,10,-9999,40,57,-9999,-9999,-9999
2518,2017,10,31,10,330,20,-9999,70,36,-9999,-9999,-9999
2519,2017,10,31,11,340,50,-9999,90,36,-9999,-9999,-9999
2520,2017,10,31,13,350,60,-9999,40,41,-9999,-9999,-9999
2521,2017,10,31,14,340,50,-9999,50,31,-9999,-9999,-9999
2522,2017,10,31,16,320,80,-9999,60,26,-9999,-9999,-9999
2523,2017,10,31,17,300,80,-9999,60,21,-9999,-9999,-9999
2524,2017,10,31,19,270,90,-9999,50,10,-9999,-9999,-9999
2525,2017,10,31,20,260,80,-9999,50,10,-9999,-9999,-9999
2526,2017,11,1,2,220,20,-9999,30,10,-9999,-9999,-9999
2527,2017,11,1,4,210,40,-9999,20,15,-9999,-9999,-9999
2528,2017,11,1,5,210,50,-9999,20,15,-9999,-9999,-9999
2529,2017,11,1,11,340,50,-9999,80,15,-9999,-9999,-9999
2530,2017,11,1,13,350,70,-9999,60,31,-9999,-9999,-9999
2531,2017,11,1,14,360,70,-9999,50,41,-9999,-9999,-9999
2532,2017,11,1,16,340,180,-9999,70,15,-9999,-9999,-9999
2533,2017,11,1,17,310,110,-9999,70,15,-9999,-9999,-9999
2534,2017,11,1,19,270,90,-9999,60,10,-9999,-9999,-9999
2535,2017,11,1,20,260,90,-9999,60,15,-9999,-9999,-9999
2536,2017,11,2,1,260,20,-9999,360,51,-9999,-9999,-9999
2537,2017,11,2,2,250,20,-9999,360,51,-9999,-9999,-9999
2538,2017,11,2,4,250,-10,-9999,20,51,-9999,-9999,-9999
2539,2017,11,2,7,290,0,-9999,40,36,-9999,-9999,-9999
2540,2017,11,2,8,310,10,-9999,50,51,-9999,-9999,-9999
2541,2017,11,2,10,340,10,-9999,50,62,-9999,-9999,-9999
2542,2017,11,2,11,350,0,-9999,70,46,-9999,-9999,-9999
2543,2017,11,2,17,300,70,-9999,60,15,-9999,-9999,-9999
2544,2017,11,2,23,250,60,-9999,10,26,-9999,-9999,-9999
2545,2017,11,3,7,260,20,-9999,40,82,-9999,-9999,-9999
2546,2017,11,3,8,280,20,-9999,20,46,-9999,-9999,-9999
2547,2017,11,3,10,310,50,-9999,30,57,-9999,-9999,-9999
2548,2017,11,3,11,320,50,-9999,20,51,-9999,-9999,-9999
2549,2017,11,3,13,340,50,-9999,40,51,-9999,-9999,-9999
2550,2017,11,3,14,340,50,-9999,40,36,-9999,-9999,-9999
2551,2017,11,3,17,300,30,-9999,70,15,-9999,-9999,-9999
2552,2017,11,3,22,260,50,-9999,40,31,-9999,-9999,-9999
2553,2017,11,4,7,240,50,-9999,50,72,-9999,-9999,-9999
2554,2017,11,4,8,260,50,-9999,50,62,-9999,-9999,-9999
2555,2017,11,4,10,290,40,-9999,60,36,-9999,-9999,-9999
2556,2017,11,4,13,320,70,-9999,70,36,-9999,-9999,-9999
2557,2017,11,4,14,320,70,-9999,30,21,-9999,-9999,-9999
2558,2017,11,4,16,300,90,-9999,70,15,-9999,-9999,-9999
2559,2017,11,4,17,280,80,-9999,70,10,-9999,-9999,-9999
2560,2017,11,4,19,250,80,-9999,0,0,-9999,-9999,-9999
2561,2017,11,4,20,240,70,-9999,70,15,-9999,-9999,-9999
2562,2017,11,4,22,230,50,-9999,70,15,-9999,-9999,-9999
2563,2017,11,5,5,200,40,-9999,10,46,-9999,-9999,-9999
2564,2017,11,5,10,290,20,-9999,40,41,-9999,-9999,-9999
2565,2017,11,5,13,320,50,-9999,50,21,-9999,-9999,-9999
2566,2017,11,5,14,320,40,-9999,80,31,-9999,-9999,-9999
2567,2017,11,5,16,300,60,-9999,90,21,-9999,-9999,-9999
2568,2017,11,5,17,270,60,-9999,90,10,-9999,-9999,-9999
2569,2017,11,5,19,240,50,-9999,90,10,-9999,-9999,-9999
2570,2017,11,5,22,230,40,-9999,60,26,-9999,-9999,-9999
2571,2017,11,5,23,230,50,-9999,20,21,-9999,-9999,-9999
2572,2017,11,6,1,210,40,-9999,20,26,-9999,-9999,-9999
2573,2017,11,6,4,190,20,-9999,20,26,-9999,-9999,-9999
2574,2017,11,6,8,260,20,-9999,-9999,-9999,-9999,-9999,-9999
2575,2017,11,6,10,290,10,-9999,50,26,-9999,-9999,-9999
2576,2017,11,6,11,300,30,-9999,360,21,-9999,-9999,-9999
2577,2017,11,6,13,320,40,-9999,60,21,-9999,-9999,-9999
2578,2017,11,6,14,320,50,-9999,40,21,-9999,-9999,-9999
2579,2017,11,6,16,300,50,-9999,70,15,-9999,-9999,-9999
2580,2017,11,6,17,280,60,-9999,70,15,-9999,-9999,-9999
2581,2017,11,6,20,240,50,-9999,70,15,-9999,-9999,-9999
2582,2017,11,7,1,210,70,-9999,40,41,-9999,-9999,-9999
2583,2017,11,7,2,210,20,-9999,40,26,-9999,-9999,-9999
2584,2017,11,7,4,190,20,-9999,20,21,-9999,-9999,-9999
2585,2017,11,7,5,200,0,-9999,20,41,-9999,-9999,-9999
2586,2017,11,7,7,240,-10,-9999,20,62,-9999,-9999,-9999
2587,2017,11,7,8,260,0,-9999,30,51,-9999,-9999,-9999
2588,2017,11,7,10,300,-10,-9999,40,57,-9999,-9999,-9999
2589,2017,11,7,11,310,10,-9999,30,41,-9999,-9999,-9999
2590,2017,11,8,1,220,20,-9999,20,15,-9999,-9999,-9999
2591,2017,11,8,2,220,20,-9999,10,21,-9999,-9999,-9999
2592,2017,11,8,7,260,-20,-9999,30,57,-9999,-9999,-9999
2593,2017,11,8,8,280,-10,-9999,40,57,-9999,-9999,-9999
2594,2017,11,8,10,300,-20,-9999,30,41,-9999,-9999,-9999
2595,2017,11,8,11,320,-10,-9999,50,36,-9999,-9999,-9999
2596,2017,11,8,13,330,40,-9999,50,41,-9999,-9999,-9999
2597,2017,11,8,14,330,40,-9999,40,31,-9999,-9999,-9999
2598,2017,11,8,16,310,70,-9999,40,21,-9999,-9999,-9999
2599,2017,11,8,17,290,70,-9999,40,15,-9999,-9999,-9999
2600,2017,11,8,19,260,70,-9999,40,21,-9999,-9999,-9999
2601,2017,11,8,20,250,60,-9999,40,21,-9999,-9999,-9999
2602,2017,11,8,22,240,50,-9999,40,21,-9999,-9999,-9999
2603,2017,11,8,23,240,30,-9999,20,51,-9999,-9999,-9999
2604,2017,11,9,1,230,10,-9999,30,41,-9999,-9999,-9999
2605,2017,11,9,2,220,0,-9999,40,15,-9999,-9999,-9999
2606,2017,11,9,4,220,-20,-9999,20,36,-9999,-9999,-9999
2607,2017,11,9,5,200,0,-9999,20,21,-9999,-9999,-9999
2608,2017,11,9,7,250,-80,-9999,20,62,-9999,-9999,-9999
2609,2017,11,9,8,270,-10,-9999,20,57,-9999,-9999,-9999
2610,2017,11,9,10,300,-10,-9999,50,51,-9999,-9999,-9999
2611,2017,11,9,11,320,0,-9999,30,51,-9999,-9999,-9999
2612,2017,11,9,13,330,0,-9999,50,31,-9999,-9999,-9999
2613,2017,11,9,14,330,0,-9999,50,51,-9999,-9999,-9999
2614,2017,11,9,16,300,10,-9999,50,21,-9999,-9999,-9999
2615,2017,11,9,17,290,40,-9999,50,21,-9999,-9999,-9999
2616,2017,11,9,19,250,30,-9999,50,10,-9999,-9999,-9999
2617,2017,11,9,20,250,20,-9999,40,21,-9999,-9999,-9999
2618,2017,11,9,22,240,20,-9999,20,62,-9999,-9999,-9999
2619,2017,11,9,23,240,20,-9999,10,41,-9999,-9999,-9999
2620,2017,11,10,10,310,0,-9999,60,51,-9999,-9999,-9999
2621,2017,11,10,13,330,20,-9999,50,46,-9999,-9999,-9999
2622,2017,11,10,14,330,20,-9999,50,36,-9999,-9999,-9999
2623,2017,11,10,19,250,30,-9999,20,15,-9999,-9999,-9999
2624,2017,11,10,23,230,20,-9999,20,31,-9999,-9999,-9999
2625,2017,11,11,4,190,-20,-9999,20,15,-9999,-9999,-9999
2626,2017,11,11,5,190,-20,-9999,20,15,-9999,-9999,-9999
2627,2017,11,11,7,250,-30,-9999,230,72,-9999,-9999,-9999
2628,2017,11,11,13,340,40,-9999,360,21,-9999,-9999,-9999
2629,2017,11,11,14,330,40,-9999,60,21,-9999,-9999,-9999
2630,2017,11,11,16,300,60,-9999,0,0,-9999,-9999,-9999
2631,2017,11,11,17,270,30,-9999,60,10,-9999,-9999,-9999
2632,2017,11,11,19,250,30,-9999,60,15,-9999,-9999,-9999
2633,2017,11,11,20,240,20,-9999,60,15,-9999,-9999,-9999
2634,2017,11,12,7,260,-30,-9999,40,36,-9999,-9999,-9999
2635,2017,11,12,8,280,-20,-9999,-9999,-9999,-9999,-9999,-9999
2636,2017,11,12,11,330,0,-9999,90,41,-9999,-9999,-9999
2637,2017,11,13,7,290,10,-9999,20,51,-9999,-9999,-9999
2638,2017,11,13,8,300,30,-9999,40,51,-9999,-9999,-9999
2639,2017,11,13,10,330,10,-9999,50,36,-9999,-9999,-9999
2640,2017,11,13,11,340,10,-9999,70,21,-9999,-9999,-9999
2641,2017,11,13,13,350,10,-9999,40,21,-9999,-9999,-9999
2642,2017,11,13,14,350,10,-9999,20,26,-9999,-9999,-9999
2643,2017,11,13,16,320,70,-9999,40,21,-9999,-9999,-9999
2644,2017,11,13,17,290,50,-9999,40,15,-9999,-9999,-9999
2645,2017,11,13,19,260,50,-9999,40,15,-9999,-9999,-9999
2646,2017,11,13,20,250,40,-9999,40,21,-9999,-9999,-9999
2647,2017,11,13,22,230,10,-9999,50,15,-9999,-9999,-9999
2648,2017,11,13,23,230,0,-9999,40,21,-9999,-9999,-9999
2649,2017,11,14,1,220,30,-9999,20,15,-9999,-9999,-9999
2650,2017,11,14,4,220,0,-9999,360,41,-9999,-9999,-9999
2651,2017,11,14,5,240,10,-9999,360,41,-9999,-9999,-9999
2652,2017,11,14,7,280,20,-9999,60,57,-9999,-9999,-9999
2653,2017,11,14,8,300,30,-9999,20,62,-9999,-9999,-9999
2654,2017,11,14,10,330,40,-9999,40,51,-9999,-9999,-9999
2655,2017,11,14,11,340,10,-9999,50,46,-9999,-9999,-9999
2656,2017,11,14,13,350,20,-9999,360,31,-9999,-9999,-9999
2657,2017,11,14,14,350,30,-9999,30,21,-9999,-9999,-9999
2658,2017,11,14,17,300,70,-9999,30,10,-9999,-9999,-9999
2659,2017,11,14,19,280,60,-9999,10,10,-9999,-9999,-9999
2660,2017,11,14,23,250,30,-9999,20,15,-9999,-9999,-9999
2661,2017,11,15,5,250,-30,-9999,10,21,-9999,-9999,-9999
2662,2017,11,15,8,300,-20,-9999,40,62,-9999,-9999,-9999
2663,2017,11,15,10,340,-10,-9999,40,36,-9999,-9999,-9999
2664,2017,11,15,11,350,-10,-9999,50,51,-9999,-9999,-9999
2665,2017,11,15,13,360,0,-9999,40,36,-9999,-9999,-9999
2666,2017,11,15,14,350,-10,-9999,50,46,-9999,-9999,-9999
2667,2017,11,15,16,330,20,-9999,20,21,-9999,-9999,-9999
2668,2017,11,15,20,270,0,-9999,20,15,-9999,-9999,-9999
2669,2017,11,15,23,260,10,-9999,360,31,-9999,-9999,-9999
2670,2017,11,16,1,250,-10,-9999,360,26,-9999,-9999,-9999
2671,2017,11,16,2,250,20,-9999,20,41,-9999,-9999,-9999
2672,2017,11,16,4,240,20,-9999,360,26,-9999,-9999,-9999
2673,2017,11,16,5,250,-10,-9999,360,26,-9999,-9999,-9999
2674,2017,11,16,13,360,40,-9999,30,36,-9999,-9999,-9999
2675,2017,11,16,14,360,40,-9999,30,31,-9999,-9999,-9999
2676,2017,11,16,16,320,80,-9999,-9999,-9999,-9999,-9999,-9999
2677,2017,11,16,17,300,100,-9999,50,10,-9999,-9999,-9999
2678,2017,11,16,20,270,50,-9999,30,21,-9999,-9999,-9999
2679,2017,11,17,1,250,40,-9999,360,21,-9999,-9999,-9999
2680,2017,11,17,4,260,50,-9999,360,36,-9999,-9999,-9999
2681,2017,11,17,5,260,50,-9999,360,36,-9999,-9999,-9999
2682,2017,11,17,7,300,60,-9999,40,51,-9999,-9999,-9999
2683,2017,11,17,8,310,70,-9999,40,41,-9999,-9999,-9999
2684,2017,11,17,10,340,50,-9999,60,46,-9999,-9999,-9999
2685,2017,11,18,7,300,80,-9999,40,51,-9999,-9999,-9999
2686,2017,11,18,8,320,70,-9999,70,46,-9999,-9999,-9999
2687,2017,11,18,10,340,80,-9999,80,51,-9999,-9999,-9999
2688,2017,11,18,13,360,60,-9999,60,26,-9999,-9999,-9999
2689,2017,11,18,14,360,80,-9999,70,36,-9999,-9999,-9999
2690,2017,11,18,16,330,110,-9999,90,21,-9999,-9999,-9999
2691,2017,11,18,17,300,140,-9999,0,0,-9999,-9999,-9999
2692,2017,11,18,19,280,120,-9999,90,36,-9999,-9999,-9999
2693,2017,11,18,22,260,90,-9999,90,21,-9999,-9999,-9999
2694,2017,11,19,10,330,0,-9999,50,36,-9999,-9999,-9999
2695,2017,11,19,11,340,10,-9999,60,21,-9999,-9999,-9999
2696,2017,11,19,13,350,30,-9999,30,46,-9999,-9999,-9999
2697,2017,11,19,14,350,30,-9999,70,21,-9999,-9999,-9999
2698,2017,11,19,16,320,50,-9999,60,10,-9999,-9999,-9999
2699,2017,11,19,17,300,60,-9999,60,10,-9999,-9999,-9999
2700,2017,11,19,19,290,70,-9999,60,10,-9999,-9999,-9999
2701,2017,11,19,20,250,70,-9999,60,15,-9999,-9999,-9999
2702,2017,11,20,2,240,30,-9999,360,15,-9999,-9999,-9999
2703,2017,11,20,4,240,40,-9999,360,41,-9999,-9999,-9999
2704,2017,11,20,5,250,30,-9999,360,46,-9999,-9999,-9999
2705,2017,11,20,8,300,30,-9999,20,72,-9999,-9999,-9999
2706,2017,11,20,10,330,50,-9999,40,62,-9999,-9999,-9999
2707,2017,11,20,11,340,40,-9999,50,41,-9999,-9999,-9999
2708,2017,11,20,13,350,30,-9999,20,31,-9999,-9999,-9999
2709,2017,11,20,14,350,30,-9999,360,21,-9999,-9999,-9999
2710,2017,11,20,16,320,60,-9999,80,10,-9999,-9999,-9999
2711,2017,11,20,17,300,60,-9999,50,10,-9999,-9999,-9999
2712,2017,11,20,19,260,50,-9999,50,10,-9999,-9999,-9999
2713,2017,11,20,20,250,60,-9999,70,15,-9999,-9999,-9999
2714,2017,11,20,22,240,40,-9999,360,26,-9999,-9999,-9999
2715,2017,11,20,23,240,40,-9999,360,41,-9999,-9999,-9999
2716,2017,11,21,1,230,40,-9999,360,36,-9999,-9999,-9999
2717,2017,11,21,4,210,-20,-9999,360,51,-9999,-9999,-9999
2718,2017,11,21,5,210,20,-9999,20,51,-9999,-9999,-9999
2719,2017,11,21,14,320,-20,-9999,50,62,-9999,-9999,-9999
2720,2017,11,21,17,270,0,-9999,40,60,-9999,-9999,-9999
2721,2017,11,21,19,250,-20,-9999,40,26,-9999,-9999,-9999
2722,2017,11,22,4,190,-50,-9999,30,51,-9999,-9999,-9999
2723,2017,11,22,7,210,-40,-9999,40,72,-9999,-9999,-9999
2724,2017,11,22,8,240,-60,-9999,30,62,-9999,-9999,-9999
2725,2017,11,22,10,260,-40,-9999,40,46,-9999,-9999,-9999
2726,2017,11,22,11,280,-50,-9999,20,41,-9999,-9999,-9999
2727,2017,11,22,23,200,-60,-9999,340,26,-9999,-9999,-9999
2728,2017,11,23,7,200,-60,-9999,40,67,-9999,-9999,-9999
2729,2017,11,23,8,220,-10,-9999,40,67,-9999,-9999,-9999
2730,2017,11,23,10,240,0,-9999,20,57,-9999,-9999,-9999
2731,2017,11,23,11,250,-10,-9999,30,57,-9999,-9999,-9999
2732,2017,11,23,13,280,-20,-9999,50,51,-9999,-9999,-9999
2733,2017,11,23,14,280,-20,-9999,40,51,-9999,-9999,-9999
2734,2017,11,23,16,260,-10,-9999,40,31,-9999,-9999,-9999
2735,2017,11,23,17,240,10,-9999,40,15,-9999,-9999,-9999
2736,2017,11,23,20,210,-10,-9999,20,36,-9999,-9999,-9999
2737,2017,11,23,22,200,-10,-9999,40,41,-9999,-9999,-9999
2738,2017,11,23,23,190,-20,-9999,40,15,-9999,-9999,-9999
2739,2017,11,24,1,180,-10,-9999,20,51,-9999,-9999,-9999
2740,2017,11,24,2,170,-20,-9999,30,41,-9999,-9999,-9999
2741,2017,11,24,4,160,-10,-9999,20,51,-9999,-9999,-9999
2742,2017,11,24,7,200,-40,-9999,40,72,-9999,-9999,-9999
2743,2017,11,24,8,220,40,-9999,50,62,-9999,-9999,-9999
2744,2017,11,24,10,240,-20,-9999,60,41,-9999,-9999,-9999
2745,2017,11,24,13,270,-30,-9999,20,21,-9999,-9999,-9999
2746,2017,11,24,14,280,-40,-9999,40,36,-9999,-9999,-9999
2747,2017,11,24,16,250,0,-9999,30,15,-9999,-9999,-9999
2748,2017,11,24,17,230,-30,-9999,30,10,-9999,-9999,-9999
2749,2017,11,24,19,190,-20,-9999,30,21,-9999,-9999,-9999
2750,2017,11,24,20,190,-30,-9999,30,21,-9999,-9999,-9999
2751,2017,11,24,22,170,-10,-9999,30,21,-9999,-9999,-9999
2752,2017,11,25,7,180,50,-9999,20,21,-9999,-9999,-9999
2753,2017,11,25,8,230,-40,-9999,20,57,-9999,-9999,-9999
2754,2017,11,25,10,270,-70,-9999,40,82,-9999,-9999,-9999
2755,2017,11,25,11,280,-70,-9999,50,41,-9999,-9999,-9999
2756,2017,11,25,13,300,-60,-9999,30,31,-9999,-9999,-9999
2757,2017,11,25,14,300,-20,-9999,80,31,-9999,-9999,-9999
2758,2017,11,25,16,270,-30,-9999,60,10,-9999,-9999,-9999
2759,2017,11,25,17,240,-30,-9999,70,15,-9999,-9999,-9999
2760,2017,11,25,19,210,-30,-9999,80,15,-9999,-9999,-9999
2761,2017,11,25,20,200,-40,-9999,70,10,-9999,-9999,-9999
2762,2017,11,26,1,180,-40,-9999,360,15,-9999,-9999,-9999
2763,2017,11,26,4,170,-60,-9999,20,41,-9999,-9999,-9999
2764,2017,11,26,5,170,-60,-9999,20,51,-9999,-9999,-9999
2765,2017,11,26,16,280,-110,-9999,50,31,-9999,-9999,-9999
2766,2017,11,26,19,220,-70,-9999,20,21,-9999,-9999,-9999
2767,2017,11,26,20,230,-50,-9999,40,31,-9999,-9999,-9999
2768,2017,11,26,22,220,-40,-9999,30,41,-9999,-9999,-9999
2769,2017,11,27,2,190,-50,-9999,20,62,-9999,-9999,-9999
2770,2017,11,27,4,190,-60,-9999,20,62,-9999,-9999,-9999
2771,2017,11,27,5,190,-30,-9999,30,51,-9999,-9999,-9999
2772,2017,11,27,7,220,-20,-9999,70,82,-9999,-9999,-9999
2773,2017,11,27,8,230,-10,-9999,40,77,-9999,-9999,-9999
2774,2017,11,27,10,260,-20,-9999,-9999,-9999,-9999,-9999,-9999
2775,2017,11,27,11,270,0,-9999,30,51,-9999,-9999,-9999
2776,2017,11,28,2,190,-10,-9999,40,31,-9999,-9999,-9999
2777,2017,11,28,7,220,0,-9999,20,51,-9999,-9999,-9999
2778,2017,11,28,8,250,-10,-9999,30,51,-9999,-9999,-9999
2779,2017,11,28,10,280,-20,-9999,360,57,-9999,-9999,-9999
2780,2017,11,28,11,290,-30,-9999,40,51,-9999,-9999,-9999
2781,2017,11,28,13,310,0,-9999,40,46,-9999,-9999,-9999
2782,2017,11,28,14,310,10,-9999,40,36,-9999,-9999,-9999
2783,2017,11,28,16,290,20,-9999,40,21,-9999,-9999,-9999
2784,2017,11,28,17,270,20,-9999,40,15,-9999,-9999,-9999
2785,2017,11,28,19,240,-10,-9999,40,15,-9999,-9999,-9999
2786,2017,11,28,22,230,-20,-9999,20,15,-9999,-9999,-9999
2787,2017,11,28,23,230,-10,-9999,20,41,-9999,-9999,-9999
2788,2017,11,29,4,190,-40,-9999,20,26,-9999,-9999,-9999
2789,2017,11,29,5,190,-20,-9999,20,26,-9999,-9999,-9999
2790,2017,11,29,7,240,-30,-9999,50,62,-9999,-9999,-9999
2791,2017,11,29,8,260,-30,-9999,50,67,-9999,-9999,-9999
2792,2017,11,29,10,290,-20,-9999,50,41,-9999,-9999,-9999
2793,2017,11,29,11,300,-10,-9999,40,46,-9999,-9999,-9999
2794,2017,11,29,13,320,-10,-9999,60,41,-9999,-9999,-9999
2795,2017,11,29,14,320,0,-9999,80,26,-9999,-9999,-9999
2796,2017,11,29,19,250,30,-9999,70,26,-9999,-9999,-9999
2797,2017,11,29,20,230,20,-9999,70,21,-9999,-9999,-9999
2798,2017,11,29,22,240,30,-9999,30,26,-9999,-9999,-9999
2799,2017,11,29,23,230,20,-9999,20,36,-9999,-9999,-9999
2800,2017,11,30,4,200,-20,-9999,30,46,-9999,-9999,-9999
2801,2017,11,30,5,190,-30,-9999,30,26,-9999,-9999,-9999
2802,2017,11,30,8,270,-10,-9999,20,62,-9999,-9999,-9999
2803,2017,11,30,10,300,0,-9999,40,41,-9999,-9999,-9999
2804,2017,11,30,11,310,0,-9999,50,36,-9999,-9999,-9999
2805,2017,11,30,13,330,-20,-9999,350,21,-9999,-9999,-9999
2806,2017,11,30,14,320,-10,-9999,40,31,-9999,-9999,-9999
2807,2017,11,30,16,300,20,-9999,50,31,-9999,-9999,-9999
2808,2017,11,30,17,270,20,-9999,50,21,-9999,-9999,-9999
2809,2017,11,30,19,250,20,-9999,50,15,-9999,-9999,-9999
2810,2017,11,30,20,250,-10,-9999,50,31,-9999,-9999,-9999
2811,2017,11,30,22,230,-10,-9999,30,26,-9999,-9999,-9999
2812,2017,11,30,23,220,10,-9999,30,31,-9999,-9999,-9999
2813,2017,12,1,1,210,-20,-9999,20,31,-9999,-9999,-9999
2814,2017,12,1,4,180,-40,-9999,30,51,-9999,-9999,-9999
2815,2017,12,1,5,180,-90,-9999,30,51,-9999,-9999,-9999
2816,2017,12,1,13,300,-60,-9999,30,51,-9999,-9999,-9999
2817,2017,12,1,16,270,-70,-9999,40,36,-9999,-9999,-9999
2818,2017,12,1,17,250,-80,-9999,30,31,-9999,-9999,-9999
2819,2017,12,1,19,220,-9999,-9999,40,21,-9999,-9999,-9999
2820,2017,12,1,20,210,-60,-9999,40,15,-9999,-9999,-9999
2821,2017,12,1,22,190,-30,-9999,50,15,-9999,-9999,-9999
2822,2017,12,2,2,170,-40,-9999,20,21,-9999,-9999,-9999
2823,2017,12,2,4,170,-40,-9999,20,31,-9999,-9999,-9999
2824,2017,12,2,5,170,-40,-9999,360,31,-9999,-9999,-9999
2825,2017,12,2,7,220,-40,-9999,30,51,-9999,-9999,-9999
2826,2017,12,2,8,240,-60,-9999,50,51,-9999,-9999,-9999
2827,2017,12,2,10,280,-110,-9999,50,62,-9999,-9999,-9999
2828,2017,12,2,11,290,-100,-9999,40,51,-9999,-9999,-9999
2829,2017,12,2,14,300,-60,-9999,40,41,-9999,-9999,-9999
2830,2017,12,3,7,230,30,-9999,30,51,-9999,-9999,-9999
2831,2017,12,3,10,290,-40,-9999,40,41,-9999,-9999,-9999
2832,2017,12,3,11,320,-70,-9999,50,41,-9999,-9999,-9999
2833,2017,12,3,13,320,-70,-9999,50,51,-9999,-9999,-9999
2834,2017,12,3,14,330,-100,-9999,50,46,-9999,-9999,-9999
2835,2017,12,3,17,260,-80,-9999,50,10,-9999,-9999,-9999
2836,2017,12,3,20,220,-50,-9999,50,15,-9999,-9999,-9999
2837,2017,12,4,4,200,-20,-9999,20,21,-9999,-9999,-9999
2838,2017,12,4,5,200,-20,-9999,30,31,-9999,-9999,-9999
2839,2017,12,4,7,250,0,-9999,30,57,-9999,-9999,-9999
2840,2017,12,4,8,270,0,-9999,30,62,-9999,-9999,-9999
2841,2017,12,4,11,310,10,-9999,40,51,-9999,-9999,-9999
2842,2017,12,4,13,330,20,-9999,50,36,-9999,-9999,-9999
2843,2017,12,4,14,330,40,-9999,50,51,-9999,-9999,-9999
2844,2017,12,4,17,280,80,-9999,50,15,-9999,-9999,-9999
2845,2017,12,4,19,240,70,-9999,50,15,-9999,-9999,-9999
2846,2017,12,4,20,230,50,-9999,50,15,-9999,-9999,-9999
2847,2017,12,4,22,230,50,-9999,10,36,-9999,-9999,-9999
2848,2017,12,5,1,230,40,-9999,10,46,-9999,-9999,-9999
2849,2017,12,5,4,210,30,-9999,30,31,-9999,-9999,-9999
2850,2017,12,5,5,210,80,-9999,30,41,-9999,-9999,-9999
2851,2017,12,5,7,260,90,-9999,20,62,-9999,-9999,-9999
2852,2017,12,5,8,300,90,-9999,20,72,-9999,-9999,-9999
2853,2017,12,5,10,300,90,-9999,20,57,-9999,-9999,-9999
2854,2017,12,5,11,310,80,-9999,40,36,-9999,-9999,-9999
2855,2017,12,5,13,330,60,-9999,360,21,-9999,-9999,-9999
2856,2017,12,5,16,300,60,-9999,50,21,-9999,-9999,-9999
2857,2017,12,5,17,280,60,-9999,50,15,-9999,-9999,-9999
2858,2017,12,5,19,240,50,-9999,50,10,-9999,-9999,-9999
2859,2017,12,5,20,230,50,-9999,50,10,-9999,-9999,-9999
2860,2017,12,5,22,230,60,-9999,360,26,-9999,-9999,-9999
2861,2017,12,5,23,230,60,-9999,40,31,-9999,-9999,-9999
2862,2017,12,6,2,220,40,-9999,360,10,-9999,-9999,-9999
2863,2017,12,6,4,220,50,-9999,30,31,-9999,-9999,-9999
2864,2017,12,6,5,210,50,-9999,30,31,-9999,-9999,-9999
2865,2017,12,6,13,330,60,-9999,40,46,-9999,-9999,-9999
2866,2017,12,6,19,270,40,-9999,30,31,-9999,-9999,-9999
2867,2017,12,6,20,260,30,-9999,30,31,-9999,-9999,-9999
2868,2017,12,6,22,250,40,-9999,30,51,-9999,-9999,-9999
2869,2017,12,6,23,240,40,-9999,20,51,-9999,-9999,-9999
2870,2017,12,7,1,230,40,-9999,20,51,-9999,-9999,-9999
2871,2017,12,7,4,200,50,-9999,20,31,-9999,-9999,-9999
2872,2017,12,7,5,200,50,-9999,20,51,-9999,-9999,-9999
2873,2017,12,7,7,230,50,-9999,30,67,-9999,-9999,-9999
2874,2017,12,7,8,230,60,-9999,20,51,-9999,-9999,-9999
2875,2017,12,7,10,260,50,-9999,10,51,-9999,-9999,-9999
2876,2017,12,7,11,280,40,-9999,40,51,-9999,-9999,-9999
2877,2017,12,8,7,200,0,-9999,40,57,-9999,-9999,-9999
2878,2017,12,8,8,220,10,-9999,20,57,-9999,-9999,-9999
2879,2017,12,8,10,250,20,-9999,20,57,-9999,-9999,-9999
2880,2017,12,8,11,270,50,-9999,30,57,-9999,-9999,-9999
2881,2017,12,8,13,270,10,-9999,40,72,-9999,-9999,-9999
2882,2017,12,8,14,290,50,-9999,50,51,-9999,-9999,-9999
2883,2017,12,8,16,270,50,-9999,50,36,-9999,-9999,-9999
2884,2017,12,8,17,250,60,-9999,40,21,-9999,-9999,-9999
2885,2017,12,8,22,230,40,-9999,30,31,-9999,-9999,-9999
2886,2017,12,8,23,220,30,-9999,40,21,-9999,-9999,-9999
2887,2017,12,9,1,200,40,-9999,20,41,-9999,-9999,-9999
2888,2017,12,9,2,190,40,-9999,30,46,-9999,-9999,-9999
2889,2017,12,9,4,190,20,-9999,20,31,-9999,-9999,-9999
2890,2017,12,9,5,190,40,-9999,20,21,-9999,-9999,-9999
2891,2017,12,9,7,220,70,-9999,30,51,-9999,-9999,-9999
2892,2017,12,9,8,230,70,-9999,40,62,-9999,-9999,-9999
2893,2017,12,9,10,260,80,-9999,50,67,-9999,-9999,-9999
2894,2017,12,9,11,280,70,-9999,60,51,-9999,-9999,-9999
2895,2017,12,9,13,300,60,-9999,60,51,-9999,-9999,-9999
2896,2017,12,9,14,300,50,-9999,60,41,-9999,-9999,-9999
2897,2017,12,9,16,280,80,-9999,50,15,-9999,-9999,-9999
2898,2017,12,9,17,270,70,-9999,0,0,-9999,-9999,-9999
2899,2017,12,9,19,230,60,-9999,50,21,-9999,-9999,-9999
2900,2017,12,9,20,230,60,-9999,50,15,-9999,-9999,-9999
2901,2017,12,9,22,220,70,-9999,50,10,-9999,-9999,-9999
2902,2017,12,10,4,200,40,-9999,10,41,-9999,-9999,-9999
2903,2017,12,10,5,200,50,-9999,10,21,-9999,-9999,-9999
2904,2017,12,10,8,260,80,-9999,40,57,-9999,-9999,-9999
2905,2017,12,10,10,290,90,-9999,40,57,-9999,-9999,-9999
2906,2017,12,10,14,310,70,-9999,50,31,-9999,-9999,-9999
2907,2017,12,10,17,270,90,-9999,50,15,-9999,-9999,-9999
2908,2017,12,10,19,240,70,-9999,50,21,-9999,-9999,-9999
2909,2017,12,10,20,240,70,-9999,30,10,-9999,-9999,-9999
2910,2017,12,11,1,210,40,-9999,360,15,-9999,-9999,-9999
2911,2017,12,11,4,210,50,-9999,20,36,-9999,-9999,-9999
2912,2017,12,11,5,210,50,-9999,360,26,-9999,-9999,-9999
2913,2017,12,11,13,330,70,-9999,50,51,-9999,-9999,-9999
2914,2017,12,11,14,330,70,-9999,60,31,-9999,-9999,-9999
2915,2017,12,11,16,320,60,-9999,200,51,-9999,-9999,-9999
2916,2017,12,11,17,290,100,-9999,40,10,-9999,-9999,-9999
2917,2017,12,11,22,230,70,-9999,40,15,-9999,-9999,-9999
2918,2017,12,12,1,230,60,-9999,360,31,-9999,-9999,-9999
2919,2017,12,12,5,230,50,-9999,360,51,-9999,-9999,-9999
2920,2017,12,12,7,270,30,-9999,10,57,-9999,-9999,-9999
2921,2017,12,12,8,290,40,-9999,20,46,-9999,-9999,-9999
2922,2017,12,12,10,320,40,-9999,360,46,-9999,-9999,-9999
2923,2017,12,12,11,330,40,-9999,40,51,-9999,-9999,-9999
2924,2017,12,12,22,240,50,-9999,20,21,-9999,-9999,-9999
2925,2017,12,12,23,220,30,-9999,20,31,-9999,-9999,-9999
2926,2017,12,13,7,230,60,-9999,20,67,-9999,-9999,-9999
2927,2017,12,13,8,250,80,-9999,40,62,-9999,-9999,-9999
2928,2017,12,13,10,290,60,-9999,40,67,-9999,-9999,-9999
2929,2017,12,13,11,300,60,-9999,50,72,-9999,-9999,-9999
2930,2017,12,13,14,310,50,-9999,40,36,-9999,-9999,-9999
2931,2017,12,13,16,300,60,-9999,40,26,-9999,-9999,-9999
2932,2017,12,13,19,250,80,-9999,10,10,-9999,-9999,-9999
2933,2017,12,13,20,250,60,-9999,20,21,-9999,-9999,-9999
2934,2017,12,13,22,240,50,-9999,20,21,-9999,-9999,-9999
2935,2017,12,13,23,230,40,-9999,30,21,-9999,-9999,-9999
2936,2017,12,14,2,220,50,-9999,20,26,-9999,-9999,-9999
2937,2017,12,14,4,210,50,-9999,20,36,-9999,-9999,-9999
2938,2017,12,14,5,210,50,-9999,20,36,-9999,-9999,-9999
2939,2017,12,14,8,260,50,-9999,20,62,-9999,-9999,-9999
2940,2017,12,14,11,300,10,-9999,30,57,-9999,-9999,-9999
2941,2017,12,14,13,310,10,-9999,60,41,-9999,-9999,-9999
2942,2017,12,14,14,310,10,-9999,50,31,-9999,-9999,-9999
2943,2017,12,14,16,290,40,-9999,50,15,-9999,-9999,-9999
2944,2017,12,15,10,260,20,-9999,20,62,-9999,-9999,-9999
2945,2017,12,15,11,280,20,-9999,20,41,-9999,-9999,-9999
2946,2017,12,15,13,270,10,-9999,50,36,-9999,-9999,-9999
2947,2017,12,15,14,280,20,-9999,30,46,-9999,-9999,-9999
2948,2017,12,16,4,170,-20,-9999,20,51,-9999,-9999,-9999
2949,2017,12,16,5,180,-40,-9999,20,62,-9999,-9999,-9999
2950,2017,12,16,13,290,10,-9999,40,51,-9999,-9999,-9999
2951,2017,12,16,14,290,10,-9999,60,41,-9999,-9999,-9999
2952,2017,12,16,19,220,40,-9999,40,15,-9999,-9999,-9999
2953,2017,12,17,1,200,-40,-9999,20,31,-9999,-9999,-9999
2954,2017,12,17,2,190,-60,-9999,30,36,-9999,-9999,-9999
2955,2017,12,17,4,170,-60,-9999,30,31,-9999,-9999,-9999
2956,2017,12,17,5,180,-20,-9999,20,51,-9999,-9999,-9999
2957,2017,12,17,7,220,0,-9999,40,90,-9999,-9999,-9999
2958,2017,12,17,8,250,-10,-9999,40,80,-9999,-9999,-9999
2959,2017,12,17,10,270,30,-9999,50,51,-9999,-9999,-9999
2960,2017,12,17,11,290,30,-9999,50,51,-9999,-9999,-9999
2961,2017,12,18,7,230,-10,-9999,20,67,-9999,-9999,-9999
2962,2017,12,18,8,250,30,-9999,30,57,-9999,-9999,-9999
2963,2017,12,18,11,290,30,-9999,50,51,-9999,-9999,-9999
2964,2017,12,18,13,310,10,-9999,360,15,-9999,-9999,-9999
2965,2017,12,18,14,320,20,-9999,20,26,-9999,-9999,-9999
2966,2017,12,18,16,290,40,-9999,40,15,-9999,-9999,-9999
2967,2017,12,18,17,260,50,-9999,40,15,-9999,-9999,-9999
2968,2017,12,18,20,230,20,-9999,40,15,-9999,-9999,-9999
2969,2017,12,18,23,200,10,-9999,40,15,-9999,-9999,-9999
2970,2017,12,19,1,200,0,-9999,20,15,-9999,-9999,-9999
2971,2017,12,19,2,190,0,-9999,20,21,-9999,-9999,-9999
2972,2017,12,19,4,180,0,-9999,360,10,-9999,-9999,-9999
2973,2017,12,19,5,180,-10,-9999,360,21,-9999,-9999,-9999
2974,2017,12,19,7,240,50,-9999,20,46,-9999,-9999,-9999
2975,2017,12,19,8,260,50,-9999,20,62,-9999,-9999,-9999
2976,2017,12,19,10,290,40,-9999,20,41,-9999,-9999,-9999
2977,2017,12,19,11,300,40,-9999,50,41,-9999,-9999,-9999
2978,2017,12,19,13,320,50,-9999,50,26,-9999,-9999,-9999
2979,2017,12,19,14,330,40,-9999,40,26,-9999,-9999,-9999
2980,2017,12,19,17,280,80,-9999,0,0,-9999,-9999,-9999
2981,2017,12,19,20,230,60,-9999,50,15,-9999,-9999,-9999
2982,2017,12,20,4,210,0,-9999,10,31,-9999,-9999,-9999
2983,2017,12,20,5,200,0,-9999,10,26,-9999,-9999,-9999
2984,2017,12,20,7,250,30,-9999,20,51,-9999,-9999,-9999
2985,2017,12,20,10,300,50,-9999,40,51,-9999,-9999,-9999
2986,2017,12,20,11,320,40,-9999,20,46,-9999,-9999,-9999
2987,2017,12,20,13,340,10,-9999,20,21,-9999,-9999,-9999
2988,2017,12,20,14,330,10,-9999,40,31,-9999,-9999,-9999
2989,2017,12,20,16,310,10,-9999,50,21,-9999,-9999,-9999
2990,2017,12,20,17,280,60,-9999,50,15,-9999,-9999,-9999
2991,2017,12,20,22,230,30,-9999,50,15,-9999,-9999,-9999
2992,2017,12,21,5,220,40,-9999,360,26,-9999,-9999,-9999
2993,2017,12,21,13,350,160,-9999,30,36,-9999,-9999,-9999
2994,2017,12,21,14,350,50,-9999,40,36,-9999,-9999,-9999
2995,2017,12,21,19,260,80,-9999,40,15,-9999,-9999,-9999
2996,2017,12,21,20,260,60,-9999,40,15,-9999,-9999,-9999
2997,2017,12,22,5,230,40,-9999,360,31,-9999,-9999,-9999
2998,2017,12,22,7,280,40,-9999,20,51,-9999,-9999,-9999
2999,2017,12,22,8,300,30,-9999,40,62,-9999,-9999,-9999
3000,2017,12,22,10,330,60,-9999,40,46,-9999,-9999,-9999
3001,2017,12,22,11,340,40,-9999,40,36,-9999,-9999,-9999
3002,2017,12,23,8,290,30,-9999,230,46,-9999,-9999,-9999
3003,2017,12,23,10,310,10,-9999,50,36,-9999,-9999,-9999
3004,2017,12,23,11,330,10,-9999,60,36,-9999,-9999,-9999
3005,2017,12,23,13,340,10,-9999,60,31,-9999,-9999,-9999
3006,2017,12,23,16,320,40,-9999,40,15,-9999,-9999,-9999
3007,2017,12,23,17,280,20,-9999,40,10,-9999,-9999,-9999
3008,2017,12,23,19,250,20,-9999,20,21,-9999,-9999,-9999
3009,2017,12,24,0,230,0,-9999,360,41,-9999,-9999,-9999
3010,2017,12,24,1,230,0,-9999,360,41,-9999,-9999,-9999
3011,2017,12,24,4,210,20,-9999,360,15,-9999,-9999,-9999
3012,2017,12,24,5,220,10,-9999,360,31,-9999,-9999,-9999
3013,2017,12,24,7,260,20,-9999,20,51,-9999,-9999,-9999
3014,2017,12,24,8,270,30,-9999,20,98,-9999,-9999,-9999
3015,2017,12,24,10,300,20,-9999,20,88,-9999,-9999,-9999
3016,2017,12,24,13,320,0,-9999,40,57,-9999,-9999,-9999
3017,2017,12,24,14,320,0,-9999,50,51,-9999,-9999,-9999
3018,2017,12,24,16,290,20,-9999,40,31,-9999,-9999,-9999
3019,2017,12,24,17,270,30,-9999,40,31,-9999,-9999,-9999
3020,2017,12,24,19,240,40,-9999,30,21,-9999,-9999,-9999
3021,2017,12,24,20,250,40,-9999,30,31,-9999,-9999,-9999
3022,2017,12,24,23,240,30,-9999,30,67,-9999,-9999,-9999
3023,2017,12,25,1,210,30,-9999,20,57,-9999,-9999,-9999
3024,2017,12,25,4,180,30,-9999,50,82,-9999,-9999,-9999
3025,2017,12,25,5,170,20,-9999,40,57,-9999,-9999,-9999
3026,2017,12,25,8,210,30,-9999,30,72,-9999,-9999,-9999
3027,2017,12,25,14,270,0,-9999,50,67,-9999,-9999,-9999
3028,2017,12,25,17,240,10,-9999,50,31,-9999,-9999,-9999
3029,2017,12,25,19,210,40,-9999,50,46,-9999,-9999,-9999
3030,2017,12,25,20,210,40,-9999,50,36,-9999,-9999,-9999
3031,2017,12,25,22,200,20,-9999,50,41,-9999,-9999,-9999
3032,2017,12,26,1,170,-20,-9999,50,46,-9999,-9999,-9999
3033,2017,12,26,16,250,10,-9999,40,31,-9999,-9999,-9999
3034,2017,12,26,17,230,20,-9999,-9999,10,-9999,-9999,-9999
3035,2017,12,26,19,200,20,-9999,40,21,-9999,-9999,-9999
3036,2017,12,26,20,190,10,-9999,40,21,-9999,-9999,-9999
3037,2017,12,27,1,170,10,-9999,20,41,-9999,-9999,-9999
3038,2017,12,27,4,160,30,-9999,20,41,-9999,-9999,-9999
3039,2017,12,27,5,150,30,-9999,20,41,-9999,-9999,-9999
3040,2017,12,27,7,190,20,-9999,30,46,-9999,-9999,-9999
3041,2017,12,27,8,210,30,-9999,20,46,-9999,-9999,-9999
3042,2017,12,27,10,250,10,-9999,360,41,-9999,-9999,-9999
3043,2017,12,27,11,260,20,-9999,20,26,-9999,-9999,-9999
3044,2017,12,28,7,220,50,-9999,30,31,-9999,-9999,-9999
3045,2017,12,28,8,240,60,-9999,40,41,-9999,-9999,-9999
3046,2017,12,28,10,280,50,-9999,40,57,-9999,-9999,-9999
3047,2017,12,28,11,310,50,-9999,10,31,-9999,-9999,-9999
3048,2017,12,28,13,330,40,-9999,40,26,-9999,-9999,-9999
3049,2017,12,28,14,330,40,-9999,70,26,-9999,-9999,-9999
3050,2017,12,28,16,300,40,-9999,60,15,-9999,-9999,-9999
3051,2017,12,28,17,270,70,-9999,60,10,-9999,-9999,-9999
3052,2017,12,28,19,240,10,-9999,360,15,-9999,-9999,-9999
3053,2017,12,28,20,230,20,-9999,60,15,-9999,-9999,-9999
3054,2017,12,28,23,210,10,-9999,60,15,-9999,-9999,-9999
3055,2017,12,29,2,210,10,-9999,360,21,-9999,-9999,-9999
3056,2017,12,29,4,200,0,-9999,10,21,-9999,-9999,-9999
3057,2017,12,29,5,190,30,-9999,360,21,-9999,-9999,-9999
3058,2017,12,29,7,240,10,-9999,20,51,-9999,-9999,-9999
3059,2017,12,29,8,260,20,-9999,40,51,-9999,-9999,-9999
3060,2017,12,29,10,290,40,-9999,30,46,-9999,-9999,-9999
3061,2017,12,29,11,310,30,-9999,90,15,-9999,-9999,-9999
3062,2017,12,29,13,320,40,-9999,50,31,-9999,-9999,-9999
3063,2017,12,29,14,330,30,-9999,60,26,-9999,-9999,-9999
3064,2017,12,29,16,300,60,-9999,70,10,-9999,-9999,-9999
3065,2017,12,29,19,240,60,-9999,70,15,-9999,-9999,-9999
3066,2017,12,29,20,240,60,-9999,60,15,-9999,-9999,-9999
3067,2017,12,29,22,230,30,-9999,360,31,-9999,-9999,-9999
3068,2017,12,29,23,230,20,-9999,20,15,-9999,-9999,-9999
3069,2017,12,30,4,200,30,-9999,20,36,-9999,-9999,-9999
3070,2017,12,30,5,200,40,-9999,360,21,-9999,-9999,-9999
3071,2017,12,30,8,250,40,-9999,30,62,-9999,-9999,-9999
3072,2017,12,30,10,270,30,-9999,50,51,-9999,-9999,-9999
3073,2017,12,30,11,280,10,-9999,50,51,-9999,-9999,-9999
3074,2017,12,30,13,300,-30,-9999,30,41,-9999,-9999,-9999
3075,2017,12,30,16,270,20,-9999,-9999,-9999,-9999,-9999,-9999
3076,2017,12,30,17,250,30,-9999,50,21,-9999,-9999,-9999
3077,2017,12,30,19,230,-30,-9999,50,15,-9999,-9999,-9999
3078,2017,12,30,20,230,-20,-9999,50,31,-9999,-9999,-9999
3079,2017,12,30,23,210,-20,-9999,20,41,-9999,-9999,-9999
3080,2017,12,31,1,190,-30,-9999,20,41,-9999,-9999,-9999
3081,2017,12,31,4,170,60,-9999,50,51,-9999,-9999,-9999
3082,2017,12,31,5,160,-50,-9999,50,46,-9999,-9999,-9999
3083,2017,12,31,14,280,70,-9999,40,82,-9999,-9999,-9999
3084,2017,12,31,17,250,-80,-9999,40,31,-9999,-9999,-9999
3085,2017,12,31,19,220,-30,-9999,50,46,-9999,-9999,-9999
3086,2017,12,31,20,220,-30,-9999,50,51,-9999,-9999,-9999
